0 0
0.0250125 6.33005e-05
0.050025 0.000125964
0.0750375 0.000187992
0.10005 0.000249383
0.125063 0.000310137
0.150075 0.000370255
0.175088 0.000429737
0.2001 0.000488582
0.225113 0.00054679
0.250125 0.000604362
0.275138 0.000661298
0.30015 0.000717597
0.325163 0.000773259
0.350175 0.000828285
0.375188 0.000882674
0.4002 0.000936427
0.425213 0.000989544
0.450225 0.00104202
0.475238 0.00109387
0.50025 0.00114507
0.525263 0.00119564
0.550275 0.00124558
0.575288 0.00129488
0.6003 0.00134354
0.625313 0.00139156
0.650325 0.00143895
0.675338 0.0014857
0.70035 0.00153181
0.725363 0.00157729
0.750375 0.00162213
0.775388 0.00166634
0.8004 0.00170991
0.825413 0.00175284
0.850425 0.00179514
0.875438 0.0018368
0.90045 0.00187782
0.925463 0.00191821
0.950475 0.00195796
0.975488 0.00199707
1.0005 0.00203555
1.02551 0.00207339
1.05053 0.00211059
1.07554 0.00214716
1.10055 0.00218309
1.12556 0.00221838
1.15058 0.00225304
1.17559 0.00228706
1.2006 0.00232045
1.22561 0.00235319
1.25063 0.00238531
1.27564 0.00241678
1.30065 0.00244762
1.32566 0.00247782
1.35068 0.00250739
1.37569 0.00253632
1.4007 0.00256461
1.42571 0.00259226
1.45073 0.00261928
1.47574 0.00264567
1.50075 0.00267141
1.52576 0.00269652
1.55078 0.002721
1.57579 0.00274484
1.6008 0.00276804
1.62581 0.0027906
1.65083 0.00281253
1.67584 0.00283382
1.70085 0.00285447
1.72586 0.00287449
1.75088 0.00289387
1.77589 0.00291262
1.8009 0.00293073
1.82591 0.0029482
1.85093 0.00296503
1.87594 0.00298123
1.90095 0.0029968
1.92596 0.00301172
1.95098 0.00302601
1.97599 0.00303966
2.001 0.00305268
2.02601 0.00306506
2.05103 0.0030768
2.07604 0.00308791
2.10105 0.00309838
2.12606 0.00310822
2.15108 0.00311741
2.17609 0.00312597
2.2011 0.0031339
2.22611 0.00314119
2.25113 0.00314784
2.27614 0.00315385
2.30115 0.00315923
2.32616 0.00316397
2.35118 0.00316808
2.37619 0.00317155
2.4012 0.00317438
2.42621 0.00317658
2.45123 0.00317814
2.47624 0.00317906
2.50125 0.00317935
2.52626 0.003179
2.55128 0.00317801
2.57629 0.00317639
2.6013 0.00317413
2.62631 0.00317123
2.65133 0.0031677
2.67634 0.00316353
2.70135 0.00315872
2.72636 0.00315328
2.75138 0.0031472
2.77639 0.00314049
2.8014 0.00313314
2.82641 0.00312515
2.85143 0.00311652
2.87644 0.00310726
2.90145 0.00309736
2.92646 0.00308683
2.95148 0.00307566
2.97649 0.00306385
3.0015 0.00305141
3.02651 0.00303833
3.05153 0.00302461
3.07654 0.00301026
3.10155 0.00299527
3.12656 0.00297964
3.15158 0.00296338
3.17659 0.00294648
3.2016 0.00292894
3.22661 0.00291077
3.25163 0.00289196
3.27664 0.00287252
3.30165 0.00285244
3.32666 0.00283172
3.35168 0.00281036
3.37669 0.00278837
3.4017 0.00276574
3.42671 0.00274248
3.45173 0.00271858
3.47674 0.00269404
3.50175 0.00266887
3.52676 0.00264306
3.55178 0.00261661
3.57679 0.00258953
3.6018 0.00256181
3.62681 0.00253345
3.65183 0.00250446
3.67684 0.00247483
3.70185 0.00244456
3.72686 0.00241366
3.75188 0.00238212
3.77689 0.00234995
3.8019 0.00231714
3.82691 0.00228369
3.85193 0.0022496
3.87694 0.00221488
3.90195 0.00217952
3.92696 0.00214353
3.95198 0.0021069
3.97699 0.00206963
4.002 0.00203173
4.02701 0.00199319
4.05203 0.00195401
4.07704 0.0019142
4.10205 0.00187375
4.12706 0.00183266
4.15208 0.00179094
4.17709 0.00174858
4.2021 0.00170558
4.22711 0.00166195
4.25213 0.00161768
4.27714 0.00157277
4.30215 0.00152723
4.32716 0.00148105
4.35218 0.00143424
4.37719 0.00138679
4.4022 0.0013387
4.42721 0.00128997
4.45223 0.00124061
4.47724 0.00119062
4.50225 0.00113998
4.52726 0.00108871
4.55228 0.0010368
4.57729 0.000984261
4.6023 0.000931081
4.62731 0.000877264
4.65233 0.000822811
4.67734 0.000767721
4.70235 0.000711995
4.72736 0.000655633
4.75238 0.000598634
4.77739 0.000540998
4.8024 0.000482726
4.82741 0.000423817
4.85243 0.000364272
4.87744 0.000304091
4.90245 0.000243272
4.92746 0.000181818
4.95248 0.000119727
4.97749 5.69991e-05
5.0025 -6.36505e-06
5.02751 -7.03615e-05
5.05253 -0.000134973
5.07754 -0.000200182
5.10255 -0.000265967
5.12756 -0.000332311
5.15258 -0.000399194
5.17759 -0.000466597
5.2026 -0.0005345
5.22761 -0.000602886
5.25263 -0.000671734
5.27764 -0.000741025
5.30265 -0.000810741
5.32766 -0.000880863
5.35268 -0.00095137
5.37769 -0.00102225
5.4027 -0.00109347
5.42771 -0.00116502
5.45273 -0.00123688
5.47774 -0.00130903
5.50275 -0.00138146
5.52776 -0.00145413
5.55278 -0.00152704
5.57779 -0.00160017
5.6028 -0.00167349
5.62781 -0.00174698
5.65283 -0.00182063
5.67784 -0.00189442
5.70285 -0.00196833
5.72786 -0.00204234
5.75288 -0.00211643
5.77789 -0.00219058
5.8029 -0.00226477
5.82791 -0.00233899
5.85293 -0.00241321
5.87794 -0.00248742
5.90295 -0.00256159
5.92796 -0.00263571
5.95298 -0.00270975
5.97799 -0.00278371
6.003 -0.00285755
6.02801 -0.00293126
6.05303 -0.00300483
6.07804 -0.00307823
6.10305 -0.00315144
6.12806 -0.00322444
6.15308 -0.00329722
6.17809 -0.00336976
6.2031 -0.00344203
6.22811 -0.00351402
6.25313 -0.00358571
6.27814 -0.00365708
6.30315 -0.0037281
6.32816 -0.00379877
6.35318 -0.00386906
6.37819 -0.00393896
6.4032 -0.00400844
6.42821 -0.00407748
6.45323 -0.00414607
6.47824 -0.00421418
6.50325 -0.0042818
6.52826 -0.00434891
6.55328 -0.00441549
6.57829 -0.00448152
6.6033 -0.00454699
6.62831 -0.00461186
6.65333 -0.00467612
6.67834 -0.00473976
6.70335 -0.00480276
6.72836 -0.00486509
6.75338 -0.00492673
6.77839 -0.00498767
6.8034 -0.00504789
6.82841 -0.00510737
6.85343 -0.00516609
6.87844 -0.00522404
6.90345 -0.00528118
6.92846 -0.0053375
6.95348 -0.00539299
6.97849 -0.00544763
7.0035 -0.00550138
7.02851 -0.00555425
7.05353 -0.0056062
7.07854 -0.00565722
7.10355 -0.00570729
7.12856 -0.00575639
7.15358 -0.0058045
7.17859 -0.0058516
7.2036 -0.00589767
7.22861 -0.0059427
7.25363 -0.00598666
7.27864 -0.00602953
7.30365 -0.00607131
7.32866 -0.00611196
7.35368 -0.00615146
7.37869 -0.00618981
7.4037 -0.00622697
7.42871 -0.00626294
7.45373 -0.00629769
7.47874 -0.0063312
7.50375 -0.00636345
7.52876 -0.00639443
7.55378 -0.00642411
7.57879 -0.00645248
7.6038 -0.00647951
7.62881 -0.0065052
7.65383 -0.00652951
7.67884 -0.00655243
7.70385 -0.00657394
7.72886 -0.00659402
7.75388 -0.00661265
7.77889 -0.00662982
7.8039 -0.0066455
7.82891 -0.00665968
7.85393 -0.00667233
7.87894 -0.00668344
7.90395 -0.00669299
7.92896 -0.00670095
7.95398 -0.00670732
7.97899 -0.00671206
8.004 -0.00671517
8.02901 -0.00671661
8.05403 -0.00671638
8.07904 -0.00671446
8.10405 -0.00671082
8.12906 -0.00670544
8.15408 -0.00669831
8.17909 -0.00668941
8.2041 -0.00667872
8.22911 -0.00666621
8.25413 -0.00665188
8.27914 -0.0066357
8.30415 -0.00661765
8.32916 -0.00659771
8.35418 -0.00657586
8.37919 -0.00655209
8.4042 -0.00652638
8.42921 -0.0064987
8.45423 -0.00646904
8.47924 -0.00643738
8.50425 -0.00640369
8.52926 -0.00636797
8.55428 -0.00633019
8.57929 -0.00629033
8.6043 -0.00624837
8.62931 -0.00620429
8.65433 -0.00615808
8.67934 -0.00610972
8.70435 -0.00605918
8.72936 -0.00600644
8.75438 -0.0059515
8.77939 -0.00589432
8.8044 -0.0058349
8.82941 -0.0057732
8.85443 -0.00570922
8.87944 -0.00564293
8.90445 -0.00557431
8.92946 -0.00550335
8.95448 -0.00543002
8.97949 -0.00535431
9.0045 -0.00527619
9.02951 -0.00519566
9.05453 -0.00511268
9.07954 -0.00502724
9.10455 -0.00493932
9.12956 -0.0048489
9.15458 -0.00475597
9.17959 -0.0046605
9.2046 -0.00456247
9.22961 -0.00446187
9.25463 -0.00435867
9.27964 -0.00425286
9.30465 -0.00414442
9.32966 -0.00403333
9.35468 -0.00391956
9.37969 -0.00380311
9.4047 -0.00368395
9.42971 -0.00356206
9.45473 -0.00343742
9.47974 -0.00331002
9.50475 -0.00317983
9.52976 -0.00304684
9.55478 -0.00291102
9.57979 -0.00277236
9.6048 -0.00263084
9.62981 -0.00248644
9.65483 -0.00233914
9.67984 -0.00218892
9.70485 -0.00203577
9.72986 -0.00187965
9.75488 -0.00172056
9.77989 -0.00155848
9.8049 -0.00139338
9.82991 -0.00122524
9.85493 -0.00105406
9.87994 -0.000879799
9.90495 -0.000702451
9.92996 -0.000521992
9.95498 -0.000338404
9.97999 -0.000151668
10.005 3.82348e-05
10.03 0.000231297
10.055 0.00042745
10.08 0.000626617
10.1051 0.000828722
10.1301 0.00103369
10.1551 0.00124144
10.1801 0.0014519
10.2051 0.001665
10.2301 0.00188064
10.2551 0.00209877
10.2801 0.0023193
10.3052 0.00254216
10.3302 0.00276727
10.3552 0.00299455
10.3802 0.00322393
10.4052 0.00345533
10.4302 0.00368868
10.4552 0.00392389
10.4802 0.0041609
10.5053 0.00439962
10.5303 0.00463998
10.5553 0.0048819
10.5803 0.0051253
10.6053 0.00537012
10.6303 0.00561627
10.6553 0.00586368
10.6803 0.00611227
10.7054 0.00636196
10.7304 0.00661268
10.7554 0.00686435
10.7804 0.00711689
10.8054 0.00737023
10.8304 0.0076243
10.8554 0.00787901
10.8804 0.00813429
10.9055 0.00839006
10.9305 0.00864625
10.9555 0.00890278
10.9805 0.00915957
11.0055 0.00941654
11.0305 0.00967363
11.0555 0.00993075
11.0805 0.0101878
11.1056 0.0104448
11.1306 0.0107016
11.1556 0.0109581
11.1806 0.0112142
11.2056 0.0114699
11.2306 0.0117251
11.2556 0.0119798
11.2806 0.0122338
11.3057 0.012487
11.3307 0.0127395
11.3557 0.0129911
11.3807 0.0132417
11.4057 0.0134913
11.4307 0.0137397
11.4557 0.013987
11.4807 0.014233
11.5058 0.0144777
11.5308 0.0147209
11.5558 0.0149627
11.5808 0.0152029
11.6058 0.0154414
11.6308 0.0156782
11.6558 0.0159132
11.6808 0.0161464
11.7059 0.0163775
11.7309 0.0166067
11.7559 0.0168338
11.7809 0.0170586
11.8059 0.0172812
11.8309 0.0175015
11.8559 0.0177194
11.8809 0.0179347
11.906 0.0181476
11.931 0.0183577
11.956 0.0185652
11.981 0.0187698
12.006 0.0189716
12.031 0.0191705
12.056 0.0193663
12.081 0.019559
12.1061 0.0197486
12.1311 0.0199349
12.1561 0.0201178
12.1811 0.0202974
12.2061 0.0204735
12.2311 0.020646
12.2561 0.0208149
12.2811 0.0209801
12.3062 0.0211415
12.3312 0.021299
12.3562 0.0214526
12.3812 0.0216022
12.4062 0.0217476
12.4312 0.0218889
12.4562 0.022026
12.4812 0.0221588
12.5063 0.0222871
12.5313 0.022411
12.5563 0.0225303
12.5813 0.022645
12.6063 0.022755
12.6313 0.0228602
12.6563 0.0229605
12.6813 0.0230559
12.7064 0.0231464
12.7314 0.0232317
12.7564 0.0233118
12.7814 0.0233868
12.8064 0.0234564
12.8314 0.0235206
12.8564 0.0235793
12.8814 0.0236325
12.9065 0.0236801
12.9315 0.023722
12.9565 0.0237581
12.9815 0.0237884
13.0065 0.0238127
13.0315 0.023831
13.0565 0.0238433
13.0815 0.0238494
13.1066 0.0238492
13.1316 0.0238428
13.1566 0.02383
13.1816 0.0238107
13.2066 0.0237848
13.2316 0.0237524
13.2566 0.0237133
13.2816 0.0236674
13.3067 0.0236146
13.3317 0.0235549
13.3567 0.0234883
13.3817 0.0234145
13.4067 0.0233337
13.4317 0.0232455
13.4567 0.0231501
13.4817 0.0230473
13.5068 0.0229371
13.5318 0.0228193
13.5568 0.0226939
13.5818 0.0225609
13.6068 0.02242
13.6318 0.0222714
13.6568 0.0221148
13.6818 0.0219502
13.7069 0.0217776
13.7319 0.0215968
13.7569 0.0214078
13.7819 0.0212105
13.8069 0.0210048
13.8319 0.0207907
13.8569 0.0205681
13.8819 0.0203368
13.907 0.0200969
13.932 0.0198482
13.957 0.0195907
13.982 0.0193243
14.007 0.0190489
14.032 0.0187645
14.057 0.0184709
14.082 0.0181681
14.1071 0.017856
14.1321 0.0175345
14.1571 0.0172036
14.1821 0.0168632
14.2071 0.0165132
14.2321 0.0161535
14.2571 0.0157841
14.2821 0.0154048
14.3072 0.0150157
14.3322 0.0146165
14.3572 0.0142074
14.3822 0.013788
14.4072 0.0133585
14.4322 0.0129187
14.4572 0.0124686
14.4822 0.012008
14.5073 0.0115369
14.5323 0.0110552
14.5573 0.0105628
14.5823 0.0100597
14.6073 0.00954577
14.6323 0.00902095
14.6573 0.00848517
14.6823 0.00793834
14.7074 0.00738038
14.7324 0.00681123
14.7574 0.0062308
14.7824 0.00563902
14.8074 0.00503581
14.8324 0.00442109
14.8574 0.00379479
14.8824 0.00315684
14.9075 0.00250715
14.9325 0.00184565
14.9575 0.00117226
14.9825 0.000486906
15.0075 -0.000210485
15.0325 -0.0009199
15.0575 -0.00164117
15.0825 -0.00237411
15.1076 -0.00311854
15.1326 -0.00387428
15.1576 -0.00464114
15.1826 -0.00541894
15.2076 -0.00620749
15.2326 -0.00700662
15.2576 -0.00781614
15.2826 -0.00863586
15.3077 -0.0094656
15.3327 -0.0103052
15.3577 -0.0111544
15.3827 -0.0120131
15.4077 -0.0128811
15.4327 -0.0137583
15.4577 -0.0146443
15.4827 -0.0155391
15.5078 -0.0164424
15.5328 -0.0173541
15.5578 -0.018274
15.5828 -0.0192019
15.6078 -0.0201376
15.6328 -0.021081
15.6578 -0.0220318
15.6828 -0.0229899
15.7079 -0.0239551
15.7329 -0.0249272
15.7579 -0.025906
15.7829 -0.0268914
15.8079 -0.0278831
15.8329 -0.028881
15.8579 -0.0298849
15.8829 -0.0308946
15.908 -0.0319099
15.933 -0.0329307
15.958 -0.0339567
15.983 -0.0349878
16.008 -0.0360238
16.033 -0.0370645
16.058 -0.0381097
16.083 -0.0391593
16.1081 -0.040213
16.1331 -0.0412707
16.1581 -0.0423322
16.1831 -0.0433973
16.2081 -0.0444658
16.2331 -0.0455376
16.2581 -0.0466124
16.2831 -0.0476901
16.3082 -0.0487705
16.3332 -0.0498534
16.3582 -0.0509386
16.3832 -0.052026
16.4082 -0.0531153
16.4332 -0.0542064
16.4582 -0.0552992
16.4832 -0.0563933
16.5083 -0.0574886
16.5333 -0.058585
16.5583 -0.0596822
16.5833 -0.0607802
16.6083 -0.0618786
16.6333 -0.0629773
16.6583 -0.0640762
16.6833 -0.065175
16.7084 -0.0662735
16.7334 -0.0673717
16.7584 -0.0684692
16.7834 -0.0695659
16.8084 -0.0706617
16.8334 -0.0717563
16.8584 -0.0728496
16.8834 -0.0739414
16.9085 -0.0750314
16.9335 -0.0761196
16.9585 -0.0772057
16.9835 -0.0782895
17.0085 -0.0793709
17.0335 -0.0804497
17.0585 -0.0815257
17.0835 -0.0825986
17.1086 -0.0836685
17.1336 -0.0847349
17.1586 -0.0857978
17.1836 -0.086857
17.2086 -0.0879123
17.2336 -0.0889636
17.2586 -0.0900105
17.2836 -0.091053
17.3087 -0.0920908
17.3337 -0.0931239
17.3587 -0.0941519
17.3837 -0.0951747
17.4087 -0.0961922
17.4337 -0.0972041
17.4587 -0.0982103
17.4837 -0.0992105
17.5088 -0.100205
17.5338 -0.101193
17.5588 -0.102174
17.5838 -0.103149
17.6088 -0.104117
17.6338 -0.105078
17.6588 -0.106031
17.6838 -0.106977
17.7089 -0.107916
17.7339 -0.108847
17.7589 -0.10977
17.7839 -0.110685
17.8089 -0.111592
17.8339 -0.11249
17.8589 -0.113379
17.8839 -0.11426
17.909 -0.115132
17.934 -0.115994
17.959 -0.116847
17.984 -0.11769
18.009 -0.118524
18.034 -0.119348
18.059 -0.120161
18.084 -0.120964
18.1091 -0.121757
18.1341 -0.122539
18.1591 -0.12331
18.1841 -0.12407
18.2091 -0.124819
18.2341 -0.125557
18.2591 -0.126283
18.2841 -0.126997
18.3092 -0.127699
18.3342 -0.128389
18.3592 -0.129066
18.3842 -0.129731
18.4092 -0.130384
18.4342 -0.131023
18.4592 -0.13165
18.4842 -0.132263
18.5093 -0.132863
18.5343 -0.133449
18.5593 -0.134021
18.5843 -0.13458
18.6093 -0.135124
18.6343 -0.135654
18.6593 -0.136169
18.6843 -0.13667
18.7094 -0.137155
18.7344 -0.137626
18.7594 -0.138081
18.7844 -0.138521
18.8094 -0.138945
18.8344 -0.139354
18.8594 -0.139746
18.8844 -0.140123
18.9095 -0.140483
18.9345 -0.140826
18.9595 -0.141153
18.9845 -0.141462
19.0095 -0.141755
19.0345 -0.14203
19.0595 -0.142288
19.0845 -0.142528
19.1096 -0.142751
19.1346 -0.142955
19.1596 -0.143141
19.1846 -0.143309
19.2096 -0.143458
19.2346 -0.143589
19.2596 -0.1437
19.2846 -0.143793
19.3097 -0.143866
19.3347 -0.14392
19.3597 -0.143954
19.3847 -0.143968
19.4097 -0.143962
19.4347 -0.143936
19.4597 -0.143889
19.4847 -0.143822
19.5098 -0.143735
19.5348 -0.143626
19.5598 -0.143496
19.5848 -0.143345
19.6098 -0.143172
19.6348 -0.142978
19.6598 -0.142761
19.6848 -0.142523
19.7099 -0.142263
19.7349 -0.14198
19.7599 -0.141674
19.7849 -0.141346
19.8099 -0.140995
19.8349 -0.14062
19.8599 -0.140222
19.8849 -0.139801
19.91 -0.139356
19.935 -0.138887
19.96 -0.138395
19.985 -0.137877
20.01 -0.137336
20.035 -0.13677
20.06 -0.136179
20.085 -0.135563
20.1101 -0.134922
20.1351 -0.134255
20.1601 -0.133563
20.1851 -0.132846
20.2101 -0.132102
20.2351 -0.131332
20.2601 -0.130536
20.2851 -0.129714
20.3102 -0.128865
20.3352 -0.127989
20.3602 -0.127086
20.3852 -0.126156
20.4102 -0.125199
20.4352 -0.124214
20.4602 -0.123202
20.4852 -0.122161
20.5103 -0.121093
20.5353 -0.119996
20.5603 -0.11887
20.5853 -0.117716
20.6103 -0.116534
20.6353 -0.115322
20.6603 -0.114081
20.6853 -0.11281
20.7104 -0.11151
20.7354 -0.110181
20.7604 -0.108821
20.7854 -0.107431
20.8104 -0.106011
20.8354 -0.104561
20.8604 -0.10308
20.8854 -0.101568
20.9105 -0.100025
20.9355 -0.0984505
20.9605 -0.0968449
20.9855 -0.0952077
21.0105 -0.0935388
21.0355 -0.0918379
21.0605 -0.0901049
21.0855 -0.0883396
21.1106 -0.0865418
21.1356 -0.0847113
21.1606 -0.0828479
21.1856 -0.0809516
21.2106 -0.079022
21.2356 -0.0770589
21.2606 -0.0750623
21.2856 -0.073032
21.3107 -0.0709676
21.3357 -0.0688692
21.3607 -0.0667364
21.3857 -0.0645691
21.4107 -0.0623671
21.4357 -0.0601302
21.4607 -0.0578583
21.4857 -0.0555511
21.5108 -0.0532085
21.5358 -0.0508303
21.5608 -0.0484164
21.5858 -0.0459664
21.6108 -0.0434803
21.6358 -0.0409578
21.6608 -0.0383989
21.6858 -0.0358032
21.7109 -0.0331706
21.7359 -0.030501
21.7609 -0.0277941
21.7859 -0.0250498
21.8109 -0.0222678
21.8359 -0.019448
21.8609 -0.0165903
21.8859 -0.0136944
21.911 -0.0107601
21.936 -0.00778728
21.961 -0.00477575
21.986 -0.00172531
22.011 0.00136424
22.036 0.00449367
22.061 0.00766445
22.086 0.0108781
22.1111 0.014136
22.1361 0.0174398
22.1611 0.0207909
22.1861 0.0241909
22.2111 0.0276412
22.2361 0.0311433
22.2611 0.0346987
22.2861 0.0383089
22.3112 0.0419754
22.3362 0.0456997
22.3612 0.0494834
22.3862 0.0533278
22.4112 0.0572345
22.4362 0.061205
22.4612 0.0652408
22.4862 0.0693434
22.5113 0.0735142
22.5363 0.0777549
22.5613 0.0820668
22.5863 0.0864514
22.6113 0.0909103
22.6363 0.095445
22.6613 0.100057
22.6863 0.104748
22.7114 0.109519
22.7364 0.114371
22.7614 0.119307
22.7864 0.124328
22.8114 0.129435
22.8364 0.134629
22.8614 0.139913
22.8864 0.145288
22.9115 0.150755
22.9365 0.156315
22.9615 0.161971
22.9865 0.167723
23.0115 0.173574
23.0365 0.179524
23.0615 0.185576
23.0865 0.19173
23.1116 0.197988
23.1366 0.204352
23.1616 0.210824
23.1866 0.217404
23.2116 0.224094
23.2366 0.230896
23.2616 0.23781
23.2866 0.24484
23.3117 0.251986
23.3367 0.259249
23.3617 0.266632
23.3867 0.274135
23.4117 0.28176
23.4367 0.289509
23.4617 0.297384
23.4867 0.305384
23.5118 0.313513
23.5368 0.321772
23.5618 0.330161
23.5868 0.338684
23.6118 0.34734
23.6368 0.356132
23.6618 0.365061
23.6868 0.374129
23.7119 0.383337
23.7369 0.392686
23.7619 0.402179
23.7869 0.411816
23.8119 0.421599
23.8369 0.43153
23.8619 0.441609
23.8869 0.45184
23.912 0.462222
23.937 0.472758
23.962 0.483449
23.987 0.494297
24.012 0.505302
24.037 0.516465
24.062 0.527779
24.087 0.53924
24.1121 0.550845
24.1371 0.562588
24.1621 0.574465
24.1871 0.586472
24.2121 0.598603
24.2371 0.610854
24.2621 0.623221
24.2871 0.635699
24.3122 0.648284
24.3372 0.66097
24.3622 0.673754
24.3872 0.686631
24.4122 0.699597
24.4372 0.712646
24.4622 0.725774
24.4872 0.738977
24.5123 0.75225
24.5373 0.765589
24.5623 0.778988
24.5873 0.792445
24.6123 0.805953
24.6373 0.819508
24.6623 0.833106
24.6873 0.846743
24.7124 0.860413
24.7374 0.874112
24.7624 0.887836
24.7874 0.90158
24.8124 0.915339
24.8374 0.929109
24.8624 0.942886
24.8874 0.956665
24.9125 0.97044
24.9375 0.984209
24.9625 0.997965
24.9875 1.01171
25.0125 1.02542
25.0375 1.03912
25.0625 1.05278
25.0875 1.06641
25.1126 1.08
25.1376 1.09355
25.1626 1.10704
25.1876 1.12049
25.2126 1.13388
25.2376 1.1472
25.2626 1.16046
25.2876 1.17365
25.3127 1.18676
25.3377 1.1998
25.3627 1.21274
25.3877 1.2256
25.4127 1.23837
25.4377 1.25103
25.4627 1.2636
25.4877 1.27605
25.5128 1.2884
25.5378 1.30062
25.5628 1.31273
25.5878 1.32471
25.6128 1.33656
25.6378 1.34827
25.6628 1.35985
25.6878 1.37128
25.7129 1.38257
25.7379 1.3937
25.7629 1.40467
25.7879 1.41548
25.8129 1.42612
25.8379 1.4366
25.8629 1.44689
25.8879 1.45701
25.913 1.46694
25.938 1.47669
25.963 1.48623
25.988 1.49558
26.013 1.50473
26.038 1.51368
26.063 1.52242
26.088 1.53098
26.1131 1.53934
26.1381 1.54753
26.1631 1.55553
26.1881 1.56336
26.2131 1.57103
26.2381 1.57853
26.2631 1.58588
26.2881 1.59307
26.3132 1.60011
26.3382 1.60701
26.3632 1.61377
26.3882 1.6204
26.4132 1.62691
26.4382 1.63328
26.4632 1.63955
26.4882 1.64569
26.5133 1.65173
26.5383 1.65767
26.5633 1.66351
26.5883 1.66925
26.6133 1.67491
26.6383 1.68049
26.6633 1.68598
26.6883 1.69141
26.7134 1.69676
26.7384 1.70205
26.7634 1.70729
26.7884 1.71247
26.8134 1.7176
26.8384 1.72269
26.8634 1.72774
26.8884 1.73276
26.9135 1.73774
26.9385 1.74271
26.9635 1.74766
26.9885 1.75259
27.0135 1.75752
27.0385 1.76244
27.0635 1.76736
27.0885 1.77229
27.1136 1.77724
27.1386 1.78219
27.1636 1.78717
27.1886 1.79218
27.2136 1.79722
27.2386 1.80229
27.2636 1.80741
27.2886 1.81257
27.3137 1.81779
27.3387 1.82306
27.3637 1.82839
27.3887 1.83379
27.4137 1.83925
27.4387 1.8448
27.4637 1.85043
27.4887 1.85614
27.5138 1.86195
27.5388 1.86785
27.5638 1.87385
27.5888 1.87996
27.6138 1.88618
27.6388 1.89251
27.6638 1.89897
27.6888 1.90555
27.7139 1.91227
27.7389 1.91912
27.7639 1.92611
27.7889 1.93325
27.8139 1.94054
27.8389 1.94798
27.8639 1.95559
27.8889 1.96336
27.914 1.9713
27.939 1.97942
27.964 1.98772
27.989 1.99621
28.014 2.00488
28.039 2.01375
28.064 2.02281
28.089 2.03204
28.1141 2.04146
28.1391 2.05106
28.1641 2.06083
28.1891 2.07076
28.2141 2.08087
28.2391 2.09113
28.2641 2.10156
28.2891 2.11214
28.3142 2.12286
28.3392 2.13374
28.3642 2.14476
28.3892 2.15592
28.4142 2.16722
28.4392 2.17865
28.4642 2.19021
28.4892 2.20189
28.5143 2.2137
28.5393 2.22563
28.5643 2.23766
28.5893 2.24982
28.6143 2.26207
28.6393 2.27443
28.6643 2.2869
28.6893 2.29945
28.7144 2.3121
28.7394 2.32484
28.7644 2.33767
28.7894 2.35058
28.8144 2.36356
28.8394 2.37662
28.8644 2.38975
28.8894 2.40295
28.9145 2.41621
28.9395 2.42954
28.9645 2.44291
28.9895 2.45635
29.0145 2.46983
29.0395 2.48335
29.0645 2.49692
29.0895 2.51052
29.1146 2.52416
29.1396 2.53783
29.1646 2.55153
29.1896 2.56525
29.2146 2.579
29.2396 2.59275
29.2646 2.60652
29.2896 2.6203
29.3147 2.63409
29.3397 2.64787
29.3647 2.66166
29.3897 2.67544
29.4147 2.68921
29.4397 2.70297
29.4647 2.71671
29.4897 2.73043
29.5148 2.74412
29.5398 2.75779
29.5648 2.77143
29.5898 2.78504
29.6148 2.7986
29.6398 2.81212
29.6648 2.8256
29.6898 2.83903
29.7149 2.85241
29.7399 2.86572
29.7649 2.87898
29.7899 2.89218
29.8149 2.90531
29.8399 2.91836
29.8649 2.93134
29.8899 2.94425
29.915 2.95707
29.94 2.96981
29.965 2.98245
29.99 2.99501
30.015 3.00746
30.04 3.01982
30.065 3.03208
30.09 3.04425
30.1151 3.05632
30.1401 3.06829
30.1651 3.08016
30.1901 3.09194
30.2151 3.10363
30.2401 3.11522
30.2651 3.12671
30.2901 3.13811
30.3152 3.14942
30.3402 3.16063
30.3652 3.17175
30.3902 3.18278
30.4152 3.19372
30.4402 3.20456
30.4652 3.21531
30.4902 3.22597
30.5153 3.23654
30.5403 3.24702
30.5653 3.25741
30.5903 3.26771
30.6153 3.27791
30.6403 3.28803
30.6653 3.29807
30.6903 3.30801
30.7154 3.31786
30.7404 3.32763
30.7654 3.33731
30.7904 3.3469
30.8154 3.35641
30.8404 3.36583
30.8654 3.37516
30.8904 3.38441
30.9155 3.39357
30.9405 3.40265
30.9655 3.41164
30.9905 3.42055
31.0155 3.42938
31.0405 3.43812
31.0655 3.44678
31.0905 3.45536
31.1156 3.46385
31.1406 3.47227
31.1656 3.4806
31.1906 3.48885
31.2156 3.49702
31.2406 3.5051
31.2656 3.51311
31.2906 3.52104
31.3157 3.52889
31.3407 3.53666
31.3657 3.54435
31.3907 3.55197
31.4157 3.5595
31.4407 3.56696
31.4657 3.57434
31.4907 3.58164
31.5158 3.58887
31.5408 3.59602
31.5658 3.6031
31.5908 3.6101
31.6158 3.61702
31.6408 3.62387
31.6658 3.63065
31.6908 3.63735
31.7159 3.64398
31.7409 3.65053
31.7659 3.65702
31.7909 3.66343
31.8159 3.66976
31.8409 3.67603
31.8659 3.68222
31.8909 3.68835
31.916 3.6944
31.941 3.70038
31.966 3.70629
31.991 3.71214
32.016 3.71791
32.041 3.72361
32.066 3.72925
32.091 3.73482
32.1161 3.74032
32.1411 3.74575
32.1661 3.75112
32.1911 3.75641
32.2161 3.76165
32.2411 3.76681
32.2661 3.77191
32.2911 3.77695
32.3162 3.78192
32.3412 3.78683
32.3662 3.79167
32.3912 3.79645
32.4162 3.80116
32.4412 3.80581
32.4662 3.8104
32.4912 3.81493
32.5163 3.81939
32.5413 3.82379
32.5663 3.82813
32.5913 3.83241
32.6163 3.83663
32.6413 3.84079
32.6663 3.84489
32.6913 3.84893
32.7164 3.85291
32.7414 3.85683
32.7664 3.8607
32.7914 3.8645
32.8164 3.86825
32.8414 3.87194
32.8664 3.87558
32.8914 3.87915
32.9165 3.88267
32.9415 3.88614
32.9665 3.88955
32.9915 3.8929
33.0165 3.8962
33.0415 3.89945
33.0665 3.90264
33.0915 3.90578
33.1166 3.90886
33.1416 3.91189
33.1666 3.91487
33.1916 3.91779
33.2166 3.92067
33.2416 3.92349
33.2666 3.92626
33.2916 3.92898
33.3167 3.93165
33.3417 3.93427
33.3667 3.93684
33.3917 3.93936
33.4167 3.94184
33.4417 3.94426
33.4667 3.94663
33.4917 3.94896
33.5168 3.95124
33.5418 3.95347
33.5668 3.95566
33.5918 3.9578
33.6168 3.95989
33.6418 3.96194
33.6668 3.96394
33.6918 3.9659
33.7169 3.96781
33.7419 3.96968
33.7669 3.9715
33.7919 3.97328
33.8169 3.97502
33.8419 3.97671
33.8669 3.97836
33.8919 3.97997
33.917 3.98154
33.942 3.98307
33.967 3.98455
33.992 3.986
34.017 3.9874
34.042 3.98876
34.067 3.99009
34.092 3.99137
34.1171 3.99262
34.1421 3.99383
34.1671 3.995
34.1921 3.99613
34.2171 3.99722
34.2421 3.99828
34.2671 3.9993
34.2921 4.00029
34.3172 4.00124
34.3422 4.00215
34.3672 4.00303
34.3922 4.00387
34.4172 4.00468
34.4422 4.00545
34.4672 4.00619
34.4922 4.0069
34.5173 4.00757
34.5423 4.00821
34.5673 4.00882
34.5923 4.0094
34.6173 4.00994
34.6423 4.01045
34.6673 4.01094
34.6923 4.01139
34.7174 4.01181
34.7424 4.0122
34.7674 4.01257
34.7924 4.0129
34.8174 4.0132
34.8424 4.01348
34.8674 4.01373
34.8924 4.01395
34.9175 4.01414
34.9425 4.01431
34.9675 4.01445
34.9925 4.01456
35.0175 4.01465
35.0425 4.01471
35.0675 4.01475
35.0925 4.01476
35.1176 4.01475
35.1426 4.01471
35.1676 4.01465
35.1926 4.01457
35.2176 4.01446
35.2426 4.01433
35.2676 4.01418
35.2926 4.01401
35.3177 4.01381
35.3427 4.0136
35.3677 4.01336
35.3927 4.0131
35.4177 4.01283
35.4427 4.01253
35.4677 4.01221
35.4927 4.01188
35.5178 4.01152
35.5428 4.01115
35.5678 4.01076
35.5928 4.01036
35.6178 4.00993
35.6428 4.00949
35.6678 4.00903
35.6928 4.00856
35.7179 4.00807
35.7429 4.00756
35.7679 4.00704
35.7929 4.00651
35.8179 4.00596
35.8429 4.00539
35.8679 4.00482
35.8929 4.00423
35.918 4.00363
35.943 4.00301
35.968 4.00238
35.993 4.00174
36.018 4.00109
36.043 4.00043
36.068 3.99976
36.093 3.99908
36.1181 3.99839
36.1431 3.99768
36.1681 3.99697
36.1931 3.99625
36.2181 3.99552
36.2431 3.99479
36.2681 3.99404
36.2931 3.99329
36.3182 3.99253
36.3432 3.99177
36.3682 3.99099
36.3932 3.99022
36.4182 3.98943
36.4432 3.98864
36.4682 3.98785
36.4932 3.98705
36.5183 3.98625
36.5433 3.98544
36.5683 3.98463
36.5933 3.98382
36.6183 3.983
36.6433 3.98219
36.6683 3.98137
36.6933 3.98054
36.7184 3.97972
36.7434 3.9789
36.7684 3.97807
36.7934 3.97725
36.8184 3.97643
36.8434 3.9756
36.8684 3.97478
36.8934 3.97396
36.9185 3.97314
36.9435 3.97232
36.9685 3.9715
36.9935 3.97069
37.0185 3.96988
37.0435 3.96907
37.0685 3.96827
37.0935 3.96747
37.1186 3.96668
37.1436 3.96589
37.1686 3.96511
37.1936 3.96433
37.2186 3.96356
37.2436 3.96279
37.2686 3.96203
37.2936 3.96128
37.3187 3.96053
37.3437 3.9598
37.3687 3.95907
37.3937 3.95835
37.4187 3.95764
37.4437 3.95693
37.4687 3.95624
37.4937 3.95556
37.5188 3.95489
37.5438 3.95422
37.5688 3.95357
37.5938 3.95293
37.6188 3.95231
37.6438 3.95169
37.6688 3.95109
37.6938 3.9505
37.7189 3.94992
37.7439 3.94936
37.7689 3.94881
37.7939 3.94827
37.8189 3.94775
37.8439 3.94725
37.8689 3.94676
37.8939 3.94628
37.919 3.94582
37.944 3.94538
37.969 3.94495
37.994 3.94455
38.019 3.94416
38.044 3.94378
38.069 3.94343
38.094 3.94309
38.1191 3.94278
38.1441 3.94248
38.1691 3.9422
38.1941 3.94194
38.2191 3.94171
38.2441 3.94149
38.2691 3.94129
38.2941 3.94112
38.3192 3.94097
38.3442 3.94084
38.3692 3.94073
38.3942 3.94065
38.4192 3.94059
38.4442 3.94055
38.4692 3.94054
38.4942 3.94055
38.5193 3.94058
38.5443 3.94065
38.5693 3.94073
38.5943 3.94085
38.6193 3.94098
38.6443 3.94115
38.6693 3.94134
38.6943 3.94156
38.7194 3.94181
38.7444 3.94208
38.7694 3.94239
38.7944 3.94272
38.8194 3.94308
38.8444 3.94347
38.8694 3.94389
38.8944 3.94434
38.9195 3.94483
38.9445 3.94534
38.9695 3.94588
38.9945 3.94646
39.0195 3.94706
39.0445 3.9477
39.0695 3.94838
39.0945 3.94908
39.1196 3.94982
39.1446 3.95059
39.1696 3.9514
39.1946 3.95224
39.2196 3.95312
39.2446 3.95403
39.2696 3.95498
39.2946 3.95596
39.3197 3.95698
39.3447 3.95804
39.3697 3.95913
39.3947 3.96026
39.4197 3.96143
39.4447 3.96264
39.4697 3.96388
39.4947 3.96517
39.5198 3.96649
39.5448 3.96785
39.5698 3.96925
39.5948 3.9707
39.6198 3.97218
39.6448 3.97371
39.6698 3.97527
39.6948 3.97688
39.7199 3.97853
39.7449 3.98022
39.7699 3.98196
39.7949 3.98374
39.8199 3.98556
39.8449 3.98743
39.8699 3.98934
39.8949 3.99129
39.92 3.99329
39.945 3.99534
39.97 3.99743
39.995 3.99957
40.02 4.00175
40.045 4.00398
40.07 4.00626
40.095 4.00858
40.1201 4.01095
40.1451 4.01336
40.1701 4.01582
40.1951 4.01832
40.2201 4.02087
40.2451 4.02346
40.2701 4.02609
40.2951 4.02877
40.3202 4.03149
40.3452 4.03426
40.3702 4.03706
40.3952 4.03991
40.4202 4.04281
40.4452 4.04574
40.4702 4.04872
40.4952 4.05173
40.5203 4.05479
40.5453 4.05789
40.5703 4.06103
40.5953 4.06421
40.6203 4.06743
40.6453 4.07069
40.6703 4.07399
40.6953 4.07733
40.7204 4.08071
40.7454 4.08412
40.7704 4.08758
40.7954 4.09107
40.8204 4.0946
40.8454 4.09817
40.8704 4.10177
40.8954 4.10542
40.9205 4.1091
40.9455 4.11281
40.9705 4.11656
40.9955 4.12035
41.0205 4.12418
41.0455 4.12804
41.0705 4.13193
41.0955 4.13586
41.1206 4.13982
41.1456 4.14382
41.1706 4.14785
41.1956 4.15192
41.2206 4.15602
41.2456 4.16015
41.2706 4.16431
41.2956 4.16851
41.3207 4.17274
41.3457 4.177
41.3707 4.1813
41.3957 4.18562
41.4207 4.18998
41.4457 4.19437
41.4707 4.19879
41.4957 4.20324
41.5208 4.20772
41.5458 4.21223
41.5708 4.21677
41.5958 4.22134
41.6208 4.22593
41.6458 4.23056
41.6708 4.23522
41.6958 4.2399
41.7209 4.24461
41.7459 4.24935
41.7709 4.25412
41.7959 4.25891
41.8209 4.26373
41.8459 4.26858
41.8709 4.27345
41.8959 4.27835
41.921 4.28328
41.946 4.28823
41.971 4.29321
41.996 4.29821
42.021 4.30323
42.046 4.30828
42.071 4.31336
42.096 4.31846
42.1211 4.32358
42.1461 4.32873
42.1711 4.3339
42.1961 4.33909
42.2211 4.3443
42.2461 4.34954
42.2711 4.3548
42.2961 4.36008
42.3212 4.36538
42.3462 4.3707
42.3712 4.37605
42.3962 4.38141
42.4212 4.3868
42.4462 4.3922
42.4712 4.39763
42.4962 4.40307
42.5213 4.40854
42.5463 4.41402
42.5713 4.41952
42.5963 4.42504
42.6213 4.43058
42.6463 4.43614
42.6713 4.44171
42.6963 4.4473
42.7214 4.45291
42.7464 4.45854
42.7714 4.46418
42.7964 4.46984
42.8214 4.47551
42.8464 4.4812
42.8714 4.4869
42.8964 4.49262
42.9215 4.49836
42.9465 4.50411
42.9715 4.50987
42.9965 4.51565
43.0215 4.52144
43.0465 4.52725
43.0715 4.53307
43.0965 4.5389
43.1216 4.54475
43.1466 4.5506
43.1716 4.55647
43.1966 4.56235
43.2216 4.56825
43.2466 4.57415
43.2716 4.58007
43.2966 4.58599
43.3217 4.59193
43.3467 4.59788
43.3717 4.60383
43.3967 4.6098
43.4217 4.61578
43.4467 4.62176
43.4717 4.62776
43.4967 4.63376
43.5218 4.63977
43.5468 4.64579
43.5718 4.65182
43.5968 4.65785
43.6218 4.66389
43.6468 4.66994
43.6718 4.676
43.6968 4.68206
43.7219 4.68813
43.7469 4.6942
43.7719 4.70028
43.7969 4.70637
43.8219 4.71246
43.8469 4.71855
43.8719 4.72465
43.8969 4.73076
43.922 4.73686
43.947 4.74298
43.972 4.74909
43.997 4.75521
44.022 4.76133
44.047 4.76745
44.072 4.77358
44.097 4.77971
44.1221 4.78584
44.1471 4.79197
44.1721 4.7981
44.1971 4.80424
44.2221 4.81037
44.2471 4.8165
44.2721 4.82264
44.2971 4.82877
44.3222 4.83491
44.3472 4.84104
44.3722 4.84718
44.3972 4.85331
44.4222 4.85944
44.4472 4.86557
44.4722 4.87169
44.4972 4.87782
44.5223 4.88394
44.5473 4.89006
44.5723 4.89617
44.5973 4.90229
44.6223 4.90839
44.6473 4.9145
44.6723 4.9206
44.6973 4.9267
44.7224 4.93279
44.7474 4.93887
44.7724 4.94495
44.7974 4.95103
44.8224 4.9571
44.8474 4.96316
44.8724 4.96922
44.8974 4.97527
44.9225 4.98131
44.9475 4.98735
44.9725 4.99338
44.9975 4.9994
45.0225 5.00541
45.0475 5.01142
45.0725 5.01741
45.0975 5.0234
45.1226 5.02938
45.1476 5.03535
45.1726 5.04132
45.1976 5.04727
45.2226 5.05322
45.2476 5.05916
45.2726 5.06509
45.2976 5.07101
45.3227 5.07693
45.3477 5.08283
45.3727 5.08873
45.3977 5.09462
45.4227 5.1005
45.4477 5.10637
45.4727 5.11223
45.4977 5.11809
45.5228 5.12393
45.5478 5.12977
45.5728 5.1356
45.5978 5.14141
45.6228 5.14722
45.6478 5.15303
45.6728 5.15882
45.6978 5.1646
45.7229 5.17038
45.7479 5.17614
45.7729 5.1819
45.7979 5.18765
45.8229 5.19339
45.8479 5.19912
45.8729 5.20484
45.8979 5.21055
45.923 5.21625
45.948 5.22194
45.973 5.22763
45.998 5.2333
46.023 5.23897
46.048 5.24462
46.073 5.25027
46.098 5.25591
46.1231 5.26153
46.1481 5.26715
46.1731 5.27276
46.1981 5.27836
46.2231 5.28395
46.2481 5.28953
46.2731 5.2951
46.2981 5.30066
46.3232 5.30621
46.3482 5.31175
46.3732 5.31728
46.3982 5.32281
46.4232 5.32832
46.4482 5.33382
46.4732 5.33931
46.4982 5.34479
46.5233 5.35027
46.5483 5.35573
46.5733 5.36118
46.5983 5.36662
46.6233 5.37206
46.6483 5.37748
46.6733 5.38289
46.6983 5.38829
46.7234 5.39369
46.7484 5.39907
46.7734 5.40444
46.7984 5.4098
46.8234 5.41515
46.8484 5.42049
46.8734 5.42582
46.8984 5.43114
46.9235 5.43645
46.9485 5.44175
46.9735 5.44704
46.9985 5.45232
47.0235 5.45758
47.0485 5.46284
47.0735 5.46809
47.0985 5.47332
47.1236 5.47855
47.1486 5.48376
47.1736 5.48896
47.1986 5.49416
47.2236 5.49934
47.2486 5.50451
47.2736 5.50967
47.2986 5.51482
47.3237 5.51996
47.3487 5.52508
47.3737 5.5302
47.3987 5.5353
47.4237 5.5404
47.4487 5.54548
47.4737 5.55055
47.4987 5.55561
47.5238 5.56066
47.5488 5.5657
47.5738 5.57073
47.5988 5.57574
47.6238 5.58075
47.6488 5.58574
47.6738 5.59072
47.6988 5.59569
47.7239 5.60065
47.7489 5.6056
47.7739 5.61054
47.7989 5.61546
47.8239 5.62037
47.8489 5.62528
47.8739 5.63017
47.8989 5.63504
47.924 5.63991
47.949 5.64476
47.974 5.64961
47.999 5.65444
48.024 5.65926
48.049 5.66407
48.074 5.66886
48.099 5.67365
48.1241 5.67842
48.1491 5.68318
48.1741 5.68792
48.1991 5.69266
48.2241 5.69738
48.2491 5.7021
48.2741 5.7068
48.2991 5.71148
48.3242 5.71616
48.3492 5.72082
48.3742 5.72547
48.3992 5.73011
48.4242 5.73474
48.4492 5.73935
48.4742 5.74395
48.4992 5.74854
48.5243 5.75312
48.5493 5.75768
48.5743 5.76223
48.5993 5.76677
48.6243 5.7713
48.6493 5.77581
48.6743 5.78031
48.6993 5.7848
48.7244 5.78928
48.7494 5.79374
48.7744 5.79819
48.7994 5.80263
48.8244 5.80705
48.8494 5.81147
48.8744 5.81587
48.8994 5.82025
48.9245 5.82463
48.9495 5.82899
48.9745 5.83333
48.9995 5.83767
49.0245 5.84199
49.0495 5.8463
49.0745 5.85059
49.0995 5.85487
49.1246 5.85914
49.1496 5.8634
49.1746 5.86764
49.1996 5.87187
49.2246 5.87609
49.2496 5.88029
49.2746 5.88448
49.2996 5.88865
49.3247 5.89282
49.3497 5.89696
49.3747 5.9011
49.3997 5.90522
49.4247 5.90933
49.4497 5.91342
49.4747 5.9175
49.4997 5.92157
49.5248 5.92562
49.5498 5.92966
49.5748 5.93369
49.5998 5.9377
49.6248 5.9417
49.6498 5.94569
49.6748 5.94966
49.6998 5.95361
49.7249 5.95756
49.7499 5.96149
49.7749 5.9654
49.7999 5.9693
49.8249 5.97319
49.8499 5.97706
49.8749 5.98092
49.8999 5.98476
49.925 5.98859
49.95 5.99241
49.975 5.99621
50 6
