0 0.211638
0.00250125 0.210194
0.0050025 0.208819
0.00750375 0.207512
0.010005 0.206273
0.0125063 0.205101
0.0150075 0.203994
0.0175088 0.202953
0.02001 0.201976
0.0225113 0.201062
0.0250125 0.200211
0.0275138 0.199423
0.030015 0.198695
0.0325163 0.198028
0.0350175 0.197421
0.0375188 0.196873
0.04002 0.196383
0.0425213 0.19595
0.0450225 0.195573
0.0475238 0.195253
0.050025 0.194987
0.0525263 0.194775
0.0550275 0.194617
0.0575288 0.194512
0.06003 0.194458
0.0625313 0.194456
0.0650325 0.194504
0.0675338 0.194601
0.070035 0.194747
0.0725363 0.194941
0.0750375 0.195182
0.0775388 0.195469
0.08004 0.195802
0.0825413 0.19618
0.0850425 0.196602
0.0875438 0.197067
0.090045 0.197575
0.0925463 0.198124
0.0950475 0.198714
0.0975488 0.199344
0.10005 0.200014
0.102551 0.200722
0.105053 0.201468
0.107554 0.202251
0.110055 0.20307
0.112556 0.203924
0.115058 0.204813
0.117559 0.205736
0.12006 0.206692
0.122561 0.207681
0.125063 0.2087
0.127564 0.209751
0.130065 0.210831
0.132566 0.211941
0.135068 0.213079
0.137569 0.214245
0.14007 0.215437
0.142571 0.216656
0.145073 0.217899
0.147574 0.219168
0.150075 0.220459
0.152576 0.221774
0.155078 0.223111
0.157579 0.224469
0.16008 0.225848
0.162581 0.227246
0.165083 0.228664
0.167584 0.2301
0.170085 0.231553
0.172586 0.233022
0.175088 0.234508
0.177589 0.236009
0.18009 0.237524
0.182591 0.239052
0.185093 0.240593
0.187594 0.242147
0.190095 0.243711
0.192596 0.245286
0.195098 0.24687
0.197599 0.248463
0.2001 0.250064
0.202601 0.251672
0.205103 0.253286
0.207604 0.254903
0.210105 0.256521
0.212606 0.25814
0.215108 0.259756
0.217609 0.261368
0.22011 0.262974
0.222611 0.264572
0.225113 0.266161
0.227614 0.267738
0.230115 0.269302
0.232616 0.27085
0.235118 0.272381
0.237619 0.273894
0.24012 0.275385
0.242621 0.276853
0.245123 0.278297
0.247624 0.279714
0.250125 0.281103
0.252626 0.282462
0.255128 0.283788
0.257629 0.28508
0.26013 0.286337
0.262631 0.287555
0.265133 0.288734
0.267634 0.289872
0.270135 0.290966
0.272636 0.292014
0.275138 0.293016
0.277639 0.293968
0.28014 0.29487
0.282641 0.295719
0.285143 0.296513
0.287644 0.29725
0.290145 0.297929
0.292646 0.298548
0.295148 0.299105
0.297649 0.299597
0.30015 0.300024
0.302651 0.300384
0.305153 0.30068
0.307654 0.300915
0.310155 0.301094
0.312656 0.30122
0.315158 0.301297
0.317659 0.301327
0.32016 0.301315
0.322661 0.301265
0.325163 0.301179
0.327664 0.301061
0.330165 0.300916
0.332666 0.300746
0.335168 0.300555
0.337669 0.300347
0.34017 0.300126
0.342671 0.299894
0.345173 0.299656
0.347674 0.299415
0.350175 0.299175
0.352676 0.298939
0.355178 0.298711
0.357679 0.298494
0.36018 0.298293
0.362681 0.29811
0.365183 0.297949
0.367684 0.297815
0.370185 0.297709
0.372686 0.297637
0.375188 0.297601
0.377689 0.297605
0.38019 0.297654
0.382691 0.297749
0.385193 0.297895
0.387694 0.298096
0.390195 0.298356
0.392696 0.298676
0.395198 0.299062
0.397699 0.299517
0.4002 0.300045
0.402701 0.300647
0.405203 0.301322
0.407704 0.302066
0.410205 0.302876
0.412706 0.303749
0.415208 0.304683
0.417709 0.305673
0.42021 0.306717
0.422711 0.307812
0.425213 0.308955
0.427714 0.310143
0.430215 0.311372
0.432716 0.312639
0.435218 0.313942
0.437719 0.315277
0.44022 0.316642
0.442721 0.318032
0.445223 0.319446
0.447724 0.320879
0.450225 0.322329
0.452726 0.323793
0.455228 0.325268
0.457729 0.32675
0.46023 0.328237
0.462731 0.329725
0.465233 0.331211
0.467734 0.332693
0.470235 0.334167
0.472736 0.335629
0.475238 0.337078
0.477739 0.338509
0.48024 0.339921
0.482741 0.341309
0.485243 0.34267
0.487744 0.344002
0.490245 0.345302
0.492746 0.346565
0.495248 0.34779
0.497749 0.348974
0.50025 0.350112
0.502751 0.351203
0.505253 0.352252
0.507754 0.353261
0.510255 0.354235
0.512756 0.355179
0.515258 0.356095
0.517759 0.356988
0.52026 0.357863
0.522761 0.358722
0.525263 0.359572
0.527764 0.360414
0.530265 0.361254
0.532766 0.362096
0.535268 0.362943
0.537769 0.3638
0.54027 0.364671
0.542771 0.365559
0.545273 0.36647
0.547774 0.367406
0.550275 0.368373
0.552776 0.369374
0.555278 0.370413
0.557779 0.371494
0.56028 0.372622
0.562781 0.3738
0.565283 0.375033
0.567784 0.376324
0.570285 0.377678
0.572786 0.379099
0.575288 0.38059
0.577789 0.382157
0.58029 0.383802
0.582791 0.38553
0.585293 0.387346
0.587794 0.389253
0.590295 0.391255
0.592796 0.393356
0.595298 0.395561
0.597799 0.397873
0.6003 0.400297
0.602801 0.402834
0.605303 0.405483
0.607804 0.408239
0.610305 0.411097
0.612806 0.414055
0.615308 0.417109
0.617809 0.420255
0.62031 0.423488
0.622811 0.426806
0.625313 0.430204
0.627814 0.433679
0.630315 0.437226
0.632816 0.440842
0.635318 0.444523
0.637819 0.448266
0.64032 0.452065
0.642821 0.455919
0.645323 0.459822
0.647824 0.463771
0.650325 0.467763
0.652826 0.471792
0.655328 0.475856
0.657829 0.479951
0.66033 0.484073
0.662831 0.488218
0.665333 0.492382
0.667834 0.496562
0.670335 0.500753
0.672836 0.504952
0.675338 0.509155
0.677839 0.513358
0.68034 0.517557
0.682841 0.521749
0.685343 0.52593
0.687844 0.530095
0.690345 0.534242
0.692846 0.538366
0.695348 0.542463
0.697849 0.54653
0.70035 0.550562
0.702851 0.554558
0.705353 0.558519
0.707854 0.562446
0.710355 0.566341
0.712856 0.570206
0.715358 0.574043
0.717859 0.577854
0.72036 0.58164
0.722861 0.585403
0.725363 0.589146
0.727864 0.592869
0.730365 0.596575
0.732866 0.600265
0.735368 0.603942
0.737869 0.607606
0.74037 0.611261
0.742871 0.614907
0.745373 0.618547
0.747874 0.622182
0.750375 0.625814
0.752876 0.629445
0.755378 0.633077
0.757879 0.636711
0.76038 0.64035
0.762881 0.643994
0.765383 0.647647
0.767884 0.65131
0.770385 0.654984
0.772886 0.658672
0.775388 0.662374
0.777889 0.666094
0.78039 0.669833
0.782891 0.673592
0.785393 0.677373
0.787894 0.681179
0.790395 0.685011
0.792896 0.688871
0.795398 0.69276
0.797899 0.696681
0.8004 0.700635
0.802901 0.704623
0.805403 0.708641
0.807904 0.712688
0.810405 0.716758
0.812906 0.720848
0.815408 0.724956
0.817909 0.729078
0.82041 0.73321
0.822911 0.737349
0.825413 0.741491
0.827914 0.745634
0.830415 0.749773
0.832916 0.753905
0.835418 0.758028
0.837919 0.762137
0.84042 0.766229
0.842921 0.7703
0.845423 0.774348
0.847924 0.778368
0.850425 0.782358
0.852926 0.786314
0.855428 0.790233
0.857929 0.79411
0.86043 0.797944
0.862931 0.801729
0.865433 0.805464
0.867934 0.809144
0.870435 0.812766
0.872936 0.816327
0.875438 0.819823
0.877939 0.823251
0.88044 0.826607
0.882941 0.829888
0.885443 0.833091
0.887944 0.836213
0.890445 0.839248
0.892946 0.842196
0.895448 0.845051
0.897949 0.847811
0.90045 0.850472
0.902951 0.853032
0.905453 0.855493
0.907954 0.857858
0.910455 0.860129
0.912956 0.862309
0.915458 0.8644
0.917959 0.866404
0.92046 0.868324
0.922961 0.870163
0.925463 0.871923
0.927964 0.873606
0.930465 0.875214
0.932966 0.876751
0.935468 0.878219
0.937969 0.87962
0.94047 0.880956
0.942971 0.882231
0.945473 0.883446
0.947974 0.884604
0.950475 0.885707
0.952976 0.886759
0.955478 0.887761
0.957979 0.888715
0.96048 0.889625
0.962981 0.890493
0.965483 0.89132
0.967984 0.892111
0.970485 0.892866
0.972986 0.893589
0.975488 0.894282
0.977989 0.894948
0.98049 0.895589
0.982991 0.896207
0.985493 0.896804
0.987994 0.897384
0.990495 0.897949
0.992996 0.898501
0.995498 0.899043
0.997999 0.899577
1.0005 0.900105
1.003 0.90063
1.0055 0.901152
1.008 0.90167
1.01051 0.902184
1.01301 0.902695
1.01551 0.903203
1.01801 0.903707
1.02051 0.904208
1.02301 0.904706
1.02551 0.9052
1.02801 0.905691
1.03052 0.906179
1.03302 0.906663
1.03552 0.907144
1.03802 0.907622
1.04052 0.908097
1.04302 0.908568
1.04552 0.909036
1.04802 0.9095
1.05053 0.909962
1.05303 0.91042
1.05553 0.910875
1.05803 0.911326
1.06053 0.911775
1.06303 0.91222
1.06553 0.912662
1.06803 0.913101
1.07054 0.913537
1.07304 0.913969
1.07554 0.914399
1.07804 0.914825
1.08054 0.915248
1.08304 0.915668
1.08554 0.916085
1.08804 0.916499
1.09055 0.91691
1.09305 0.917318
1.09555 0.917722
1.09805 0.918124
1.10055 0.918522
1.10305 0.918918
1.10555 0.91931
1.10805 0.919699
1.11056 0.920086
1.11306 0.920469
1.11556 0.92085
1.11806 0.921227
1.12056 0.921602
1.12306 0.921973
1.12556 0.922342
1.12806 0.922707
1.13057 0.92307
1.13307 0.92343
1.13557 0.923787
1.13807 0.924141
1.14057 0.924492
1.14307 0.92484
1.14557 0.925185
1.14807 0.925528
1.15058 0.925868
1.15308 0.926204
1.15558 0.926538
1.15808 0.92687
1.16058 0.927198
1.16308 0.927524
1.16558 0.927846
1.16808 0.928166
1.17059 0.928484
1.17309 0.928798
1.17559 0.92911
1.17809 0.929419
1.18059 0.929725
1.18309 0.930029
1.18559 0.93033
1.18809 0.930628
1.1906 0.930923
1.1931 0.931216
1.1956 0.931506
1.1981 0.931794
1.2006 0.932078
1.2031 0.932361
1.2056 0.93264
1.2081 0.932917
1.21061 0.933191
1.21311 0.933463
1.21561 0.933732
1.21811 0.933999
1.22061 0.934263
1.22311 0.934524
1.22561 0.934783
1.22811 0.93504
1.23062 0.935293
1.23312 0.935545
1.23562 0.935794
1.23812 0.93604
1.24062 0.936284
1.24312 0.936525
1.24562 0.936764
1.24812 0.937001
1.25063 0.937235
1.25313 0.937466
1.25563 0.937695
1.25813 0.937922
1.26063 0.938146
1.26313 0.938368
1.26563 0.938588
1.26813 0.938805
1.27064 0.93902
1.27314 0.939232
1.27564 0.939442
1.27814 0.93965
1.28064 0.939856
1.28314 0.940059
1.28564 0.94026
1.28814 0.940458
1.29065 0.940654
1.29315 0.940848
1.29565 0.94104
1.29815 0.94123
1.30065 0.941417
1.30315 0.941602
1.30565 0.941785
1.30815 0.941965
1.31066 0.942143
1.31316 0.94232
1.31566 0.942494
1.31816 0.942665
1.32066 0.942835
1.32316 0.943002
1.32566 0.943168
1.32816 0.943331
1.33067 0.943492
1.33317 0.943651
1.33567 0.943808
1.33817 0.943963
1.34067 0.944115
1.34317 0.944266
1.34567 0.944414
1.34817 0.944561
1.35068 0.944705
1.35318 0.944848
1.35568 0.944988
1.35818 0.945126
1.36068 0.945263
1.36318 0.945397
1.36568 0.94553
1.36818 0.94566
1.37069 0.945788
1.37319 0.945915
1.37569 0.946039
1.37819 0.946162
1.38069 0.946283
1.38319 0.946402
1.38569 0.946518
1.38819 0.946633
1.3907 0.946747
1.3932 0.946858
1.3957 0.946967
1.3982 0.947075
1.4007 0.94718
1.4032 0.947284
1.4057 0.947386
1.4082 0.947486
1.41071 0.947585
1.41321 0.947681
1.41571 0.947776
1.41821 0.947869
1.42071 0.947961
1.42321 0.94805
1.42571 0.948138
1.42821 0.948224
1.43072 0.948308
1.43322 0.948391
1.43572 0.948472
1.43822 0.948551
1.44072 0.948629
1.44322 0.948705
1.44572 0.948779
1.44822 0.948852
1.45073 0.948922
1.45323 0.948992
1.45573 0.949059
1.45823 0.949126
1.46073 0.94919
1.46323 0.949253
1.46573 0.949314
1.46823 0.949374
1.47074 0.949432
1.47324 0.949489
1.47574 0.949544
1.47824 0.949597
1.48074 0.949649
1.48324 0.9497
1.48574 0.949749
1.48824 0.949796
1.49075 0.949842
1.49325 0.949887
1.49575 0.94993
1.49825 0.949972
1.50075 0.950012
1.50325 0.950051
1.50575 0.950088
1.50825 0.950124
1.51076 0.950158
1.51326 0.950191
1.51576 0.950223
1.51826 0.950253
1.52076 0.950282
1.52326 0.950309
1.52576 0.950335
1.52826 0.95036
1.53077 0.950383
1.53327 0.950404
1.53577 0.950425
1.53827 0.950443
1.54077 0.950461
1.54327 0.950477
1.54577 0.950491
1.54827 0.950504
1.55078 0.950516
1.55328 0.950526
1.55578 0.950535
1.55828 0.950542
1.56078 0.950548
1.56328 0.950553
1.56578 0.950556
1.56828 0.950557
1.57079 0.950558
1.57329 0.950557
1.57579 0.950554
1.57829 0.95055
1.58079 0.950545
1.58329 0.950538
1.58579 0.950529
1.58829 0.95052
1.5908 0.950509
1.5933 0.950496
1.5958 0.950482
1.5983 0.950467
1.6008 0.95045
1.6033 0.950432
1.6058 0.950412
1.6083 0.950392
1.61081 0.950369
1.61331 0.950345
1.61581 0.95032
1.61831 0.950293
1.62081 0.950265
1.62331 0.950236
1.62581 0.950205
1.62831 0.950173
1.63082 0.950139
1.63332 0.950104
1.63582 0.950068
1.63832 0.95003
1.64082 0.94999
1.64332 0.94995
1.64582 0.949908
1.64832 0.949864
1.65083 0.949819
1.65333 0.949773
1.65583 0.949725
1.65833 0.949676
1.66083 0.949625
1.66333 0.949574
1.66583 0.94952
1.66833 0.949465
1.67084 0.949409
1.67334 0.949352
1.67584 0.949293
1.67834 0.949233
1.68084 0.949171
1.68334 0.949108
1.68584 0.949043
1.68834 0.948977
1.69085 0.94891
1.69335 0.948841
1.69585 0.948771
1.69835 0.9487
1.70085 0.948627
1.70335 0.948552
1.70585 0.948477
1.70835 0.9484
1.71086 0.948321
1.71336 0.948241
1.71586 0.94816
1.71836 0.948077
1.72086 0.947993
1.72336 0.947908
1.72586 0.947821
1.72836 0.947733
1.73087 0.947643
1.73337 0.947552
1.73587 0.94746
1.73837 0.947366
1.74087 0.947271
1.74337 0.947175
1.74587 0.947077
1.74837 0.946978
1.75088 0.946877
1.75338 0.946775
1.75588 0.946671
1.75838 0.946567
1.76088 0.94646
1.76338 0.946353
1.76588 0.946244
1.76838 0.946133
1.77089 0.946022
1.77339 0.945909
1.77589 0.945794
1.77839 0.945678
1.78089 0.945561
1.78339 0.945442
1.78589 0.945322
1.78839 0.945201
1.7909 0.945078
1.7934 0.944954
1.7959 0.944829
1.7984 0.944702
1.8009 0.944573
1.8034 0.944444
1.8059 0.944313
1.8084 0.94418
1.81091 0.944047
1.81341 0.943912
1.81591 0.943775
1.81841 0.943637
1.82091 0.943498
1.82341 0.943357
1.82591 0.943215
1.82841 0.943072
1.83092 0.942927
1.83342 0.942781
1.83592 0.942634
1.83842 0.942485
1.84092 0.942335
1.84342 0.942183
1.84592 0.942031
1.84842 0.941876
1.85093 0.941721
1.85343 0.941564
1.85593 0.941405
1.85843 0.941246
1.86093 0.941084
1.86343 0.940922
1.86593 0.940758
1.86843 0.940593
1.87094 0.940427
1.87344 0.940259
1.87594 0.940089
1.87844 0.939919
1.88094 0.939747
1.88344 0.939574
1.88594 0.939399
1.88844 0.939223
1.89095 0.939045
1.89345 0.938867
1.89595 0.938687
1.89845 0.938505
1.90095 0.938322
1.90345 0.938138
1.90595 0.937953
1.90845 0.937766
1.91096 0.937578
1.91346 0.937388
1.91596 0.937197
1.91846 0.937005
1.92096 0.936811
1.92346 0.936616
1.92596 0.93642
1.92846 0.936222
1.93097 0.936023
1.93347 0.935823
1.93597 0.935621
1.93847 0.935418
1.94097 0.935214
1.94347 0.935008
1.94597 0.934801
1.94847 0.934592
1.95098 0.934382
1.95348 0.934171
1.95598 0.933959
1.95848 0.933745
1.96098 0.93353
1.96348 0.933313
1.96598 0.933096
1.96848 0.932876
1.97099 0.932656
1.97349 0.932434
1.97599 0.932211
1.97849 0.931986
1.98099 0.93176
1.98349 0.931533
1.98599 0.931305
1.98849 0.931075
1.991 0.930843
1.9935 0.930611
1.996 0.930377
1.9985 0.930142
2.001 0.929905
2.0035 0.929667
2.006 0.929428
2.0085 0.929188
2.01101 0.928946
2.01351 0.928703
2.01601 0.928459
2.01851 0.928213
2.02101 0.927966
2.02351 0.927719
2.02601 0.92747
2.02851 0.927219
2.03102 0.926968
2.03352 0.926716
2.03602 0.926462
2.03852 0.926208
2.04102 0.925952
2.04352 0.925695
2.04602 0.925438
2.04852 0.925179
2.05103 0.924919
2.05353 0.924659
2.05603 0.924397
2.05853 0.924134
2.06103 0.923871
2.06353 0.923607
2.06603 0.923341
2.06853 0.923075
2.07104 0.922808
2.07354 0.922541
2.07604 0.922272
2.07854 0.922003
2.08104 0.921733
2.08354 0.921462
2.08604 0.92119
2.08854 0.920918
2.09105 0.920645
2.09355 0.920371
2.09605 0.920097
2.09855 0.919822
2.10105 0.919547
2.10355 0.91927
2.10605 0.918994
2.10855 0.918716
2.11106 0.918438
2.11356 0.91816
2.11606 0.917881
2.11856 0.917601
2.12106 0.917321
2.12356 0.917041
2.12606 0.91676
2.12856 0.916479
2.13107 0.916197
2.13357 0.915915
2.13607 0.915633
2.13857 0.91535
2.14107 0.915067
2.14357 0.914783
2.14607 0.9145
2.14857 0.914216
2.15108 0.913931
2.15358 0.913647
2.15608 0.913362
2.15858 0.913077
2.16108 0.912792
2.16358 0.912506
2.16608 0.912221
2.16858 0.911935
2.17109 0.911649
2.17359 0.911364
2.17609 0.911078
2.17859 0.910792
2.18109 0.910505
2.18359 0.910219
2.18609 0.909933
2.18859 0.909647
2.1911 0.909361
2.1936 0.909075
2.1961 0.908789
2.1986 0.908503
2.2011 0.908217
2.2036 0.907932
2.2061 0.907646
2.2086 0.907361
2.21111 0.907075
2.21361 0.90679
2.21611 0.906505
2.21861 0.906221
2.22111 0.905936
2.22361 0.905652
2.22611 0.905368
2.22861 0.905085
2.23112 0.904802
2.23362 0.904519
2.23612 0.904236
2.23862 0.903954
2.24112 0.903672
2.24362 0.903391
2.24612 0.903109
2.24862 0.902829
2.25113 0.902549
2.25363 0.902269
2.25613 0.90199
2.25863 0.901711
2.26113 0.901433
2.26363 0.901156
2.26613 0.900879
2.26863 0.900602
2.27114 0.900326
2.27364 0.900051
2.27614 0.899777
2.27864 0.899503
2.28114 0.899229
2.28364 0.898957
2.28614 0.898685
2.28864 0.898414
2.29115 0.898143
2.29365 0.897874
2.29615 0.897605
2.29865 0.897337
2.30115 0.89707
2.30365 0.896803
2.30615 0.896538
2.30865 0.896273
2.31116 0.896009
2.31366 0.895746
2.31616 0.895484
2.31866 0.895223
2.32116 0.894963
2.32366 0.894704
2.32616 0.894446
2.32866 0.894189
2.33117 0.893933
2.33367 0.893678
2.33617 0.893424
2.33867 0.893171
2.34117 0.89292
2.34367 0.892669
2.34617 0.89242
2.34867 0.892171
2.35118 0.891924
2.35368 0.891678
2.35618 0.891433
2.35868 0.89119
2.36118 0.890948
2.36368 0.890707
2.36618 0.890467
2.36868 0.890229
2.37119 0.889992
2.37369 0.889756
2.37619 0.889521
2.37869 0.889288
2.38119 0.889057
2.38369 0.888827
2.38619 0.888598
2.38869 0.88837
2.3912 0.888145
2.3937 0.88792
2.3962 0.887697
2.3987 0.887476
2.4012 0.887256
2.4037 0.887038
2.4062 0.886821
2.4087 0.886606
2.41121 0.886392
2.41371 0.886181
2.41621 0.88597
2.41871 0.885762
2.42121 0.885555
2.42371 0.88535
2.42621 0.885146
2.42871 0.884944
2.43122 0.884744
2.43372 0.884546
2.43622 0.88435
2.43872 0.884155
2.44122 0.883962
2.44372 0.883771
2.44622 0.883582
2.44872 0.883395
2.45123 0.883209
2.45373 0.883026
2.45623 0.882845
2.45873 0.882665
2.46123 0.882487
2.46373 0.882312
2.46623 0.882138
2.46873 0.881967
2.47124 0.881797
2.47374 0.88163
2.47624 0.881464
2.47874 0.881301
2.48124 0.88114
2.48374 0.880981
2.48624 0.880824
2.48874 0.880669
2.49125 0.880517
2.49375 0.880366
2.49625 0.880218
2.49875 0.880072
2.50125 0.879928
2.50375 0.879787
2.50625 0.879648
2.50875 0.879511
2.51126 0.879376
2.51376 0.879244
2.51626 0.879114
2.51876 0.878985
2.52126 0.87886
2.52376 0.878736
2.52626 0.878614
2.52876 0.878495
2.53127 0.878377
2.53377 0.878262
2.53627 0.878149
2.53877 0.878038
2.54127 0.877929
2.54377 0.877822
2.54627 0.877717
2.54877 0.877614
2.55128 0.877513
2.55378 0.877415
2.55628 0.877318
2.55878 0.877223
2.56128 0.87713
2.56378 0.877039
2.56628 0.87695
2.56878 0.876863
2.57129 0.876778
2.57379 0.876695
2.57629 0.876614
2.57879 0.876534
2.58129 0.876457
2.58379 0.876381
2.58629 0.876307
2.58879 0.876235
2.5913 0.876165
2.5938 0.876097
2.5963 0.87603
2.5988 0.875965
2.6013 0.875902
2.6038 0.875841
2.6063 0.875782
2.6088 0.875724
2.61131 0.875668
2.61381 0.875614
2.61631 0.875561
2.61881 0.87551
2.62131 0.875461
2.62381 0.875413
2.62631 0.875367
2.62881 0.875323
2.63132 0.87528
2.63382 0.875239
2.63632 0.8752
2.63882 0.875162
2.64132 0.875126
2.64382 0.875091
2.64632 0.875058
2.64882 0.875026
2.65133 0.874996
2.65383 0.874967
2.65633 0.87494
2.65883 0.874915
2.66133 0.874891
2.66383 0.874868
2.66633 0.874847
2.66883 0.874827
2.67134 0.874809
2.67384 0.874792
2.67634 0.874776
2.67884 0.874762
2.68134 0.874749
2.68384 0.874738
2.68634 0.874728
2.68884 0.874719
2.69135 0.874712
2.69385 0.874706
2.69635 0.874701
2.69885 0.874697
2.70135 0.874695
2.70385 0.874694
2.70635 0.874695
2.70885 0.874696
2.71136 0.874699
2.71386 0.874703
2.71636 0.874708
2.71886 0.874714
2.72136 0.874722
2.72386 0.874731
2.72636 0.874741
2.72886 0.874752
2.73137 0.874764
2.73387 0.874777
2.73637 0.874791
2.73887 0.874807
2.74137 0.874823
2.74387 0.874841
2.74637 0.87486
2.74887 0.874879
2.75138 0.8749
2.75388 0.874922
2.75638 0.874945
2.75888 0.874968
2.76138 0.874993
2.76388 0.875019
2.76638 0.875045
2.76888 0.875073
2.77139 0.875102
2.77389 0.875131
2.77639 0.875161
2.77889 0.875193
2.78139 0.875225
2.78389 0.875258
2.78639 0.875292
2.78889 0.875326
2.7914 0.875362
2.7939 0.875398
2.7964 0.875435
2.7989 0.875473
2.8014 0.875512
2.8039 0.875551
2.8064 0.875591
2.8089 0.875632
2.81141 0.875674
2.81391 0.875717
2.81641 0.87576
2.81891 0.875804
2.82141 0.875848
2.82391 0.875893
2.82641 0.875939
2.82891 0.875985
2.83142 0.876033
2.83392 0.87608
2.83642 0.876129
2.83892 0.876178
2.84142 0.876227
2.84392 0.876277
2.84642 0.876328
2.84892 0.876379
2.85143 0.876431
2.85393 0.876483
2.85643 0.876536
2.85893 0.876589
2.86143 0.876643
2.86393 0.876697
2.86643 0.876751
2.86893 0.876806
2.87144 0.876862
2.87394 0.876918
2.87644 0.876974
2.87894 0.877031
2.88144 0.877088
2.88394 0.877146
2.88644 0.877203
2.88894 0.877262
2.89145 0.87732
2.89395 0.877379
2.89645 0.877438
2.89895 0.877498
2.90145 0.877557
2.90395 0.877617
2.90645 0.877678
2.90895 0.877738
2.91146 0.877799
2.91396 0.87786
2.91646 0.877921
2.91896 0.877982
2.92146 0.878044
2.92396 0.878106
2.92646 0.878167
2.92896 0.87823
2.93147 0.878292
2.93397 0.878354
2.93647 0.878416
2.93897 0.878479
2.94147 0.878541
2.94397 0.878604
2.94647 0.878667
2.94897 0.87873
2.95148 0.878792
2.95398 0.878855
2.95648 0.878918
2.95898 0.878981
2.96148 0.879044
2.96398 0.879106
2.96648 0.879169
2.96898 0.879232
2.97149 0.879294
2.97399 0.879357
2.97649 0.87942
2.97899 0.879482
2.98149 0.879544
2.98399 0.879606
2.98649 0.879668
2.98899 0.87973
2.9915 0.879792
2.994 0.879853
2.9965 0.879915
2.999 0.879976
3.0015 0.880037
3.004 0.880097
3.0065 0.880158
3.009 0.880218
3.01151 0.880278
3.01401 0.880338
3.01651 0.880397
3.01901 0.880456
3.02151 0.880515
3.02401 0.880574
3.02651 0.880632
3.02901 0.88069
3.03152 0.880748
3.03402 0.880806
3.03652 0.880863
3.03902 0.88092
3.04152 0.880977
3.04402 0.881033
3.04652 0.881089
3.04902 0.881145
3.05153 0.8812
3.05403 0.881255
3.05653 0.88131
3.05903 0.881364
3.06153 0.881418
3.06403 0.881471
3.06653 0.881525
3.06903 0.881577
3.07154 0.88163
3.07404 0.881682
3.07654 0.881734
3.07904 0.881785
3.08154 0.881836
3.08404 0.881886
3.08654 0.881936
3.08904 0.881986
3.09155 0.882035
3.09405 0.882084
3.09655 0.882132
3.09905 0.88218
3.10155 0.882228
3.10405 0.882275
3.10655 0.882321
3.10905 0.882367
3.11156 0.882413
3.11406 0.882458
3.11656 0.882502
3.11906 0.882546
3.12156 0.88259
3.12406 0.882633
3.12656 0.882676
3.12906 0.882718
3.13157 0.882759
3.13407 0.882801
3.13657 0.882841
3.13907 0.882881
3.14157 0.88292
3.14407 0.882959
3.14657 0.882998
3.14907 0.883035
3.15158 0.883073
3.15408 0.883109
3.15658 0.883145
3.15908 0.883181
3.16158 0.883216
3.16408 0.88325
3.16658 0.883283
3.16908 0.883316
3.17159 0.883349
3.17409 0.883381
3.17659 0.883412
3.17909 0.883442
3.18159 0.883472
3.18409 0.883502
3.18659 0.88353
3.18909 0.883558
3.1916 0.883586
3.1941 0.883612
3.1966 0.883638
3.1991 0.883663
3.2016 0.883688
3.2041 0.883712
3.2066 0.883735
3.2091 0.883758
3.21161 0.883779
3.21411 0.8838
3.21661 0.883821
3.21911 0.88384
3.22161 0.883859
3.22411 0.883877
3.22661 0.883895
3.22911 0.883912
3.23162 0.883927
3.23412 0.883943
3.23662 0.883957
3.23912 0.883971
3.24162 0.883983
3.24412 0.883995
3.24662 0.884007
3.24912 0.884017
3.25163 0.884027
3.25413 0.884036
3.25663 0.884044
3.25913 0.884051
3.26163 0.884057
3.26413 0.884063
3.26663 0.884068
3.26913 0.884071
3.27164 0.884074
3.27414 0.884077
3.27664 0.884078
3.27914 0.884078
3.28164 0.884078
3.28414 0.884077
3.28664 0.884074
3.28914 0.884071
3.29165 0.884067
3.29415 0.884062
3.29665 0.884057
3.29915 0.88405
3.30165 0.884042
3.30415 0.884034
3.30665 0.884024
3.30915 0.884014
3.31166 0.884002
3.31416 0.88399
3.31666 0.883977
3.31916 0.883962
3.32166 0.883947
3.32416 0.883931
3.32666 0.883914
3.32916 0.883896
3.33167 0.883877
3.33417 0.883856
3.33667 0.883835
3.33917 0.883813
3.34167 0.88379
3.34417 0.883766
3.34667 0.883741
3.34917 0.883714
3.35168 0.883687
3.35418 0.883659
3.35668 0.883629
3.35918 0.883599
3.36168 0.883568
3.36418 0.883535
3.36668 0.883501
3.36918 0.883467
3.37169 0.883431
3.37419 0.883394
3.37669 0.883356
3.37919 0.883317
3.38169 0.883277
3.38419 0.883235
3.38669 0.883193
3.38919 0.883149
3.3917 0.883105
3.3942 0.883059
3.3967 0.883012
3.3992 0.882964
3.4017 0.882915
3.4042 0.882864
3.4067 0.882813
3.4092 0.88276
3.41171 0.882706
3.41421 0.882651
3.41671 0.882594
3.41921 0.882537
3.42171 0.882478
3.42421 0.882418
3.42671 0.882357
3.42921 0.882295
3.43172 0.882231
3.43422 0.882166
3.43672 0.8821
3.43922 0.882033
3.44172 0.881965
3.44422 0.881895
3.44672 0.881824
3.44922 0.881751
3.45173 0.881678
3.45423 0.881603
3.45673 0.881527
3.45923 0.881449
3.46173 0.881371
3.46423 0.881291
3.46673 0.881209
3.46923 0.881127
3.47174 0.881043
3.47424 0.880957
3.47674 0.880871
3.47924 0.880783
3.48174 0.880693
3.48424 0.880603
3.48674 0.880511
3.48924 0.880417
3.49175 0.880322
3.49425 0.880226
3.49675 0.880129
3.49925 0.88003
3.50175 0.87993
3.50425 0.879828
3.50675 0.879725
3.50925 0.879621
3.51176 0.879515
3.51426 0.879408
3.51676 0.8793
3.51926 0.879191
3.52176 0.87908
3.52426 0.878969
3.52676 0.878856
3.52926 0.878742
3.53177 0.878628
3.53427 0.878512
3.53677 0.878395
3.53927 0.878277
3.54177 0.878158
3.54427 0.878038
3.54677 0.877918
3.54927 0.877796
3.55178 0.877674
3.55428 0.877551
3.55678 0.877427
3.55928 0.877302
3.56178 0.877177
3.56428 0.877051
3.56678 0.876924
3.56928 0.876797
3.57179 0.876669
3.57429 0.87654
3.57679 0.876411
3.57929 0.876282
3.58179 0.876152
3.58429 0.876021
3.58679 0.87589
3.58929 0.875759
3.5918 0.875627
3.5943 0.875495
3.5968 0.875362
3.5993 0.87523
3.6018 0.875097
3.6043 0.874963
3.6068 0.87483
3.6093 0.874696
3.61181 0.874563
3.61431 0.874429
3.61681 0.874295
3.61931 0.874161
3.62181 0.874027
3.62431 0.873892
3.62681 0.873758
3.62931 0.873624
3.63182 0.87349
3.63432 0.873356
3.63682 0.873223
3.63932 0.873089
3.64182 0.872956
3.64432 0.872823
3.64682 0.87269
3.64932 0.872557
3.65183 0.872425
3.65433 0.872293
3.65683 0.872161
3.65933 0.87203
3.66183 0.871899
3.66433 0.871769
3.66683 0.871639
3.66933 0.871509
3.67184 0.871381
3.67434 0.871252
3.67684 0.871124
3.67934 0.870997
3.68184 0.870871
3.68434 0.870745
3.68684 0.87062
3.68934 0.870496
3.69185 0.870372
3.69435 0.870249
3.69685 0.870127
3.69935 0.870006
3.70185 0.869886
3.70435 0.869766
3.70685 0.869648
3.70935 0.86953
3.71186 0.869414
3.71436 0.869298
3.71686 0.869184
3.71936 0.86907
3.72186 0.868958
3.72436 0.868847
3.72686 0.868737
3.72936 0.868628
3.73187 0.86852
3.73437 0.868414
3.73687 0.868309
3.73937 0.868205
3.74187 0.868102
3.74437 0.868001
3.74687 0.867901
3.74937 0.867803
3.75188 0.867706
3.75438 0.867611
3.75688 0.867517
3.75938 0.867424
3.76188 0.867333
3.76438 0.867244
3.76688 0.867156
3.76938 0.86707
3.77189 0.866986
3.77439 0.866903
3.77689 0.866822
3.77939 0.866743
3.78189 0.866666
3.78439 0.86659
3.78689 0.866516
3.78939 0.866444
3.7919 0.866374
3.7944 0.866306
3.7969 0.86624
3.7994 0.866176
3.8019 0.866113
3.8044 0.866053
3.8069 0.865995
3.8094 0.865939
3.81191 0.865885
3.81441 0.865834
3.81691 0.865784
3.81941 0.865737
3.82191 0.865692
3.82441 0.865649
3.82691 0.865608
3.82941 0.86557
3.83192 0.865534
3.83442 0.8655
3.83692 0.865469
3.83942 0.865441
3.84192 0.865414
3.84442 0.865391
3.84692 0.865369
3.84942 0.865351
3.85193 0.865335
3.85443 0.865321
3.85693 0.86531
3.85943 0.865302
3.86193 0.865297
3.86443 0.865294
3.86693 0.865294
3.86943 0.865296
3.87194 0.865302
3.87444 0.86531
3.87694 0.865321
3.87944 0.865336
3.88194 0.865353
3.88444 0.865373
3.88694 0.865395
3.88944 0.865421
3.89195 0.86545
3.89445 0.865482
3.89695 0.865517
3.89945 0.865556
3.90195 0.865597
3.90445 0.865641
3.90695 0.865689
3.90945 0.86574
3.91196 0.865794
3.91446 0.865852
3.91696 0.865912
3.91946 0.865977
3.92196 0.866044
3.92446 0.866115
3.92696 0.866189
3.92946 0.866267
3.93197 0.866348
3.93447 0.866433
3.93697 0.866521
3.93947 0.866613
3.94197 0.866709
3.94447 0.866808
3.94697 0.866911
3.94947 0.867017
3.95198 0.867127
3.95448 0.867241
3.95698 0.867359
3.95948 0.86748
3.96198 0.867605
3.96448 0.867734
3.96698 0.867867
3.96948 0.868004
3.97199 0.868145
3.97449 0.86829
3.97699 0.868439
3.97949 0.868592
3.98199 0.868748
3.98449 0.868909
3.98699 0.869074
3.98949 0.869244
3.992 0.869417
3.9945 0.869595
3.997 0.869776
3.9995 0.869962
4.002 0.870153
4.0045 0.870347
4.007 0.870546
4.0095 0.870748
4.01201 0.870955
4.01451 0.871165
4.01701 0.87138
4.01951 0.871598
4.02201 0.871819
4.02451 0.872045
4.02701 0.872273
4.02951 0.872505
4.03202 0.87274
4.03452 0.872979
4.03702 0.87322
4.03952 0.873465
4.04202 0.873712
4.04452 0.873963
4.04702 0.874216
4.04952 0.874472
4.05203 0.87473
4.05453 0.874991
4.05703 0.875254
4.05953 0.87552
4.06203 0.875788
4.06453 0.876058
4.06703 0.87633
4.06953 0.876604
4.07204 0.87688
4.07454 0.877158
4.07704 0.877438
4.07954 0.877719
4.08204 0.878002
4.08454 0.878287
4.08704 0.878573
4.08954 0.87886
4.09205 0.879148
4.09455 0.879438
4.09705 0.879728
4.09955 0.88002
4.10205 0.880312
4.10455 0.880605
4.10705 0.880899
4.10955 0.881194
4.11206 0.881489
4.11456 0.881785
4.11706 0.882081
4.11956 0.882377
4.12206 0.882674
4.12456 0.88297
4.12706 0.883267
4.12956 0.883564
4.13207 0.88386
4.13457 0.884157
4.13707 0.884453
4.13957 0.884748
4.14207 0.885044
4.14457 0.885338
4.14707 0.885632
4.14957 0.885925
4.15208 0.886218
4.15458 0.88651
4.15708 0.8868
4.15958 0.88709
4.16208 0.887378
4.16458 0.887665
4.16708 0.887951
4.16958 0.888235
4.17209 0.888518
4.17459 0.8888
4.17709 0.889079
4.17959 0.889357
4.18209 0.889633
4.18459 0.889908
4.18709 0.89018
4.18959 0.89045
4.1921 0.890718
4.1946 0.890984
4.1971 0.891247
4.1996 0.891508
4.2021 0.891766
4.2046 0.892022
4.2071 0.892275
4.2096 0.892526
4.21211 0.892773
4.21461 0.893018
4.21711 0.893259
4.21961 0.893498
4.22211 0.893733
4.22461 0.893965
4.22711 0.894193
4.22961 0.894419
4.23212 0.89464
4.23462 0.894858
4.23712 0.895073
4.23962 0.895283
4.24212 0.89549
4.24462 0.895692
4.24712 0.895891
4.24962 0.896086
4.25213 0.896276
4.25463 0.896462
4.25713 0.896644
4.25963 0.896821
4.26213 0.896993
4.26463 0.897161
4.26713 0.897324
4.26963 0.897483
4.27214 0.897636
4.27464 0.897785
4.27714 0.897928
4.27964 0.898067
4.28214 0.8982
4.28464 0.898328
4.28714 0.89845
4.28964 0.898567
4.29215 0.898678
4.29465 0.898784
4.29715 0.898884
4.29965 0.898978
4.30215 0.899066
4.30465 0.899148
4.30715 0.899224
4.30965 0.899294
4.31216 0.899357
4.31466 0.899415
4.31716 0.899466
4.31966 0.89951
4.32216 0.899548
4.32466 0.899579
4.32716 0.899603
4.32966 0.89962
4.33217 0.899631
4.33467 0.899634
4.33717 0.899631
4.33967 0.89962
4.34217 0.899602
4.34467 0.899576
4.34717 0.899543
4.34967 0.899503
4.35218 0.899455
4.35468 0.899399
4.35718 0.899335
4.35968 0.899264
4.36218 0.899184
4.36468 0.899097
4.36718 0.899001
4.36968 0.898898
4.37219 0.898785
4.37469 0.898665
4.37719 0.898536
4.37969 0.898398
4.38219 0.898252
4.38469 0.898097
4.38719 0.897934
4.38969 0.897761
4.3922 0.897579
4.3947 0.897389
4.3972 0.897189
4.3997 0.89698
4.4022 0.896762
4.4047 0.896534
4.4072 0.896296
4.4097 0.89605
4.41221 0.895793
4.41471 0.895527
4.41721 0.895251
4.41971 0.894965
4.42221 0.894669
4.42471 0.894363
4.42721 0.894046
4.42971 0.89372
4.43222 0.893383
4.43472 0.893036
4.43722 0.892678
4.43972 0.892309
4.44222 0.89193
4.44472 0.89154
4.44722 0.89114
4.44972 0.890728
4.45223 0.890305
4.45473 0.889871
4.45723 0.889426
4.45973 0.88897
4.46223 0.888502
4.46473 0.888023
4.46723 0.887533
4.46973 0.88703
4.47224 0.886516
4.47474 0.885991
4.47724 0.885453
4.47974 0.884903
4.48224 0.884342
4.48474 0.883768
4.48724 0.883182
4.48974 0.882584
4.49225 0.881973
4.49475 0.88135
4.49725 0.880714
4.49975 0.880066
4.50225 0.879404
4.50475 0.878731
4.50725 0.878045
4.50975 0.877346
4.51226 0.876636
4.51476 0.875913
4.51726 0.875179
4.51976 0.874433
4.52226 0.873675
4.52476 0.872906
4.52726 0.872126
4.52976 0.871335
4.53227 0.870533
4.53477 0.86972
4.53727 0.868897
4.53977 0.868063
4.54227 0.867219
4.54477 0.866365
4.54727 0.865501
4.54977 0.864627
4.55228 0.863743
4.55478 0.86285
4.55728 0.861947
4.55978 0.861036
4.56228 0.860115
4.56478 0.859185
4.56728 0.858247
4.56978 0.8573
4.57229 0.856344
4.57479 0.855381
4.57729 0.854409
4.57979 0.853429
4.58229 0.852442
4.58479 0.851447
4.58729 0.850444
4.58979 0.849434
4.5923 0.848417
4.5948 0.847392
4.5973 0.846361
4.5998 0.845323
4.6023 0.844279
4.6048 0.843228
4.6073 0.842171
4.6098 0.841108
4.61231 0.840039
4.61481 0.838964
4.61731 0.837883
4.61981 0.836797
4.62231 0.835706
4.62481 0.834609
4.62731 0.833508
4.62981 0.832401
4.63232 0.83129
4.63482 0.830174
4.63732 0.829054
4.63982 0.82793
4.64232 0.826801
4.64482 0.825669
4.64732 0.824532
4.64982 0.823393
4.65233 0.822249
4.65483 0.821103
4.65733 0.819953
4.65983 0.8188
4.66233 0.817644
4.66483 0.816486
4.66733 0.815325
4.66983 0.814161
4.67234 0.812996
4.67484 0.811828
4.67734 0.810659
4.67984 0.809487
4.68234 0.808314
4.68484 0.80714
4.68734 0.805964
4.68984 0.804787
4.69235 0.803609
4.69485 0.80243
4.69735 0.801251
4.69985 0.800071
4.70235 0.79889
4.70485 0.797709
4.70735 0.796527
4.70985 0.795344
4.71236 0.79416
4.71486 0.792974
4.71736 0.791787
4.71986 0.790597
4.72236 0.789405
4.72486 0.788211
4.72736 0.787014
4.72986 0.785814
4.73237 0.784611
4.73487 0.783404
4.73737 0.782194
4.73987 0.78098
4.74237 0.779761
4.74487 0.778538
4.74737 0.777311
4.74987 0.776079
4.75238 0.774842
4.75488 0.773599
4.75738 0.772351
4.75988 0.771097
4.76238 0.769837
4.76488 0.768571
4.76738 0.767298
4.76988 0.766019
4.77239 0.764733
4.77489 0.763439
4.77739 0.762138
4.77989 0.760829
4.78239 0.759513
4.78489 0.758188
4.78739 0.756855
4.78989 0.755513
4.7924 0.754163
4.7949 0.752803
4.7974 0.751434
4.7999 0.750055
4.8024 0.748667
4.8049 0.747269
4.8074 0.745861
4.8099 0.744442
4.81241 0.743014
4.81491 0.741575
4.81741 0.740126
4.81991 0.738666
4.82241 0.737196
4.82491 0.735715
4.82741 0.734224
4.82991 0.732721
4.83242 0.731208
4.83492 0.729684
4.83742 0.728148
4.83992 0.726602
4.84242 0.725044
4.84492 0.723474
4.84742 0.721893
4.84992 0.720301
4.85243 0.718697
4.85493 0.717081
4.85743 0.715453
4.85993 0.713814
4.86243 0.712162
4.86493 0.710498
4.86743 0.708822
4.86993 0.707133
4.87244 0.705432
4.87494 0.703719
4.87744 0.701993
4.87994 0.700254
4.88244 0.698502
4.88494 0.696738
4.88744 0.69496
4.88994 0.69317
4.89245 0.691366
4.89495 0.689549
4.89745 0.687718
4.89995 0.685874
4.90245 0.684017
4.90495 0.682146
4.90745 0.680261
4.90995 0.678362
4.91246 0.67645
4.91496 0.674523
4.91746 0.672582
4.91996 0.670627
4.92246 0.668658
4.92496 0.666674
4.92746 0.664676
4.92996 0.662663
4.93247 0.660636
4.93497 0.658594
4.93747 0.656536
4.93997 0.654464
4.94247 0.652377
4.94497 0.650275
4.94747 0.648157
4.94997 0.646024
4.95248 0.643876
4.95498 0.641712
4.95748 0.639533
4.95998 0.637338
4.96248 0.635127
4.96498 0.6329
4.96748 0.630657
4.96998 0.628398
4.97249 0.626122
4.97499 0.623831
4.97749 0.621523
4.97999 0.619199
4.98249 0.616858
4.98499 0.6145
4.98749 0.612126
4.98999 0.609735
4.9925 0.607327
4.995 0.604902
4.9975 0.602459
5 0.6
