0 0.210972
0.00250125 0.209553
0.0050025 0.208202
0.00750375 0.20692
0.010005 0.205704
0.0125063 0.204554
0.0150075 0.203471
0.0175088 0.202451
0.02001 0.201496
0.0225113 0.200604
0.0250125 0.199775
0.0275138 0.199007
0.030015 0.198299
0.0325163 0.197652
0.0350175 0.197064
0.0375188 0.196535
0.04002 0.196063
0.0425213 0.195648
0.0450225 0.19529
0.0475238 0.194986
0.050025 0.194737
0.0525263 0.194542
0.0550275 0.1944
0.0575288 0.19431
0.06003 0.194272
0.0625313 0.194284
0.0650325 0.194346
0.0675338 0.194458
0.070035 0.194617
0.0725363 0.194824
0.0750375 0.195078
0.0775388 0.195378
0.08004 0.195723
0.0825413 0.196112
0.0850425 0.196545
0.0875438 0.19702
0.090045 0.197538
0.0925463 0.198097
0.0950475 0.198697
0.0975488 0.199336
0.10005 0.200014
0.102551 0.20073
0.105053 0.201484
0.107554 0.202274
0.110055 0.2031
0.112556 0.203961
0.115058 0.204856
0.117559 0.205784
0.12006 0.206746
0.122561 0.207739
0.125063 0.208763
0.127564 0.209817
0.130065 0.210901
0.132566 0.212014
0.135068 0.213155
0.137569 0.214323
0.14007 0.215517
0.142571 0.216737
0.145073 0.217982
0.147574 0.219251
0.150075 0.220543
0.152576 0.221857
0.155078 0.223193
0.157579 0.22455
0.16008 0.225928
0.162581 0.227324
0.165083 0.22874
0.167584 0.230173
0.170085 0.231622
0.172586 0.233089
0.175088 0.23457
0.177589 0.236067
0.18009 0.237577
0.182591 0.2391
0.185093 0.240636
0.187594 0.242183
0.190095 0.243741
0.192596 0.245308
0.195098 0.246885
0.197599 0.248471
0.2001 0.250064
0.202601 0.251664
0.205103 0.253268
0.207604 0.254876
0.210105 0.256485
0.212606 0.258094
0.215108 0.2597
0.217609 0.261303
0.22011 0.262899
0.222611 0.264488
0.225113 0.266067
0.227614 0.267635
0.230115 0.26919
0.232616 0.270729
0.235118 0.272252
0.237619 0.273757
0.24012 0.275241
0.242621 0.276703
0.245123 0.27814
0.247624 0.279552
0.250125 0.280937
0.252626 0.282291
0.255128 0.283615
0.257629 0.284905
0.26013 0.286161
0.262631 0.28738
0.265133 0.28856
0.267634 0.2897
0.270135 0.290798
0.272636 0.291852
0.275138 0.29286
0.277639 0.293821
0.28014 0.294732
0.282641 0.295592
0.285143 0.296399
0.287644 0.297151
0.290145 0.297846
0.292646 0.298483
0.295148 0.29906
0.297649 0.299575
0.30015 0.300025
0.302651 0.300411
0.305153 0.300735
0.307654 0.301
0.310155 0.30121
0.312656 0.301368
0.315158 0.301477
0.317659 0.301541
0.32016 0.301562
0.322661 0.301545
0.325163 0.301493
0.327664 0.301409
0.330165 0.301295
0.332666 0.301157
0.335168 0.300997
0.337669 0.300817
0.34017 0.300623
0.342671 0.300417
0.345173 0.300202
0.347674 0.299981
0.350175 0.299759
0.352676 0.299538
0.355178 0.299321
0.357679 0.299113
0.36018 0.298916
0.362681 0.298734
0.365183 0.29857
0.367684 0.298427
0.370185 0.298309
0.372686 0.298219
0.375188 0.298161
0.377689 0.298137
0.38019 0.298151
0.382691 0.298207
0.385193 0.298308
0.387694 0.298456
0.390195 0.298656
0.392696 0.298911
0.395198 0.299224
0.397699 0.299598
0.4002 0.300038
0.402701 0.300544
0.405203 0.301115
0.407704 0.301751
0.410205 0.302447
0.412706 0.303202
0.415208 0.304015
0.417709 0.304882
0.42021 0.305801
0.422711 0.306772
0.425213 0.30779
0.427714 0.308855
0.430215 0.309964
0.432716 0.311114
0.435218 0.312305
0.437719 0.313533
0.44022 0.314796
0.442721 0.316092
0.445223 0.31742
0.447724 0.318777
0.450225 0.32016
0.452726 0.321568
0.455228 0.322999
0.457729 0.32445
0.46023 0.325919
0.462731 0.327404
0.465233 0.328904
0.467734 0.330414
0.470235 0.331935
0.472736 0.333463
0.475238 0.334996
0.477739 0.336532
0.48024 0.33807
0.482741 0.339606
0.485243 0.341139
0.487744 0.342666
0.490245 0.344186
0.492746 0.345696
0.495248 0.347194
0.497749 0.348678
0.50025 0.350146
0.502751 0.351596
0.505253 0.353029
0.507754 0.354444
0.510255 0.355843
0.512756 0.357227
0.515258 0.358595
0.517759 0.359948
0.52026 0.361288
0.522761 0.362613
0.525263 0.363926
0.527764 0.365227
0.530265 0.366516
0.532766 0.367793
0.535268 0.36906
0.537769 0.370317
0.54027 0.371564
0.542771 0.372803
0.545273 0.374033
0.547774 0.375255
0.550275 0.37647
0.552776 0.377679
0.555278 0.378881
0.557779 0.380078
0.56028 0.38127
0.562781 0.382458
0.565283 0.383642
0.567784 0.384822
0.570285 0.386001
0.572786 0.387177
0.575288 0.388351
0.577789 0.389525
0.58029 0.390698
0.582791 0.391872
0.585293 0.393047
0.587794 0.394223
0.590295 0.3954
0.592796 0.396581
0.595298 0.397764
0.597799 0.398952
0.6003 0.400143
0.602801 0.401339
0.605303 0.40254
0.607804 0.403746
0.610305 0.404955
0.612806 0.406169
0.615308 0.407387
0.617809 0.408609
0.62031 0.409834
0.622811 0.411063
0.625313 0.412296
0.627814 0.413532
0.630315 0.414771
0.632816 0.416013
0.635318 0.417258
0.637819 0.418506
0.64032 0.419757
0.642821 0.421009
0.645323 0.422265
0.647824 0.423522
0.650325 0.424782
0.652826 0.426043
0.655328 0.427306
0.657829 0.428571
0.66033 0.429837
0.662831 0.431104
0.665333 0.432373
0.667834 0.433643
0.670335 0.434913
0.672836 0.436185
0.675338 0.437457
0.677839 0.438729
0.68034 0.440002
0.682841 0.441275
0.685343 0.442548
0.687844 0.44382
0.690345 0.445093
0.692846 0.446365
0.695348 0.447637
0.697849 0.448908
0.70035 0.450178
0.702851 0.451447
0.705353 0.452715
0.707854 0.453982
0.710355 0.455249
0.712856 0.456514
0.715358 0.457779
0.717859 0.459042
0.72036 0.460304
0.722861 0.461566
0.725363 0.462827
0.727864 0.464086
0.730365 0.465345
0.732866 0.466603
0.735368 0.467859
0.737869 0.469115
0.74037 0.47037
0.742871 0.471624
0.745373 0.472877
0.747874 0.474129
0.750375 0.47538
0.752876 0.47663
0.755378 0.477879
0.757879 0.479127
0.76038 0.480374
0.762881 0.48162
0.765383 0.482866
0.767884 0.48411
0.770385 0.485353
0.772886 0.486595
0.775388 0.487837
0.777889 0.489077
0.78039 0.490317
0.782891 0.491555
0.785393 0.492792
0.787894 0.494029
0.790395 0.495265
0.792896 0.496499
0.795398 0.497733
0.797899 0.498965
0.8004 0.500197
0.802901 0.501428
0.805403 0.502658
0.807904 0.503887
0.810405 0.505116
0.812906 0.506344
0.815408 0.507572
0.817909 0.5088
0.82041 0.510028
0.822911 0.511257
0.825413 0.512485
0.827914 0.513715
0.830415 0.514945
0.832916 0.516175
0.835418 0.517407
0.837919 0.51864
0.84042 0.519874
0.842921 0.521109
0.845423 0.522346
0.847924 0.523584
0.850425 0.524824
0.852926 0.526067
0.855428 0.527311
0.857929 0.528558
0.86043 0.529807
0.862931 0.531058
0.865433 0.532313
0.867934 0.53357
0.870435 0.53483
0.872936 0.536093
0.875438 0.537359
0.877939 0.538629
0.88044 0.539903
0.882941 0.54118
0.885443 0.542461
0.887944 0.543746
0.890445 0.545035
0.892946 0.546328
0.895448 0.547626
0.897949 0.548929
0.90045 0.550236
0.902951 0.551547
0.905453 0.552863
0.907954 0.554183
0.910455 0.555505
0.912956 0.55683
0.915458 0.558157
0.917959 0.559485
0.92046 0.560814
0.922961 0.562143
0.925463 0.563471
0.927964 0.564798
0.930465 0.566124
0.932966 0.567447
0.935468 0.568767
0.937969 0.570085
0.94047 0.571398
0.942971 0.572706
0.945473 0.57401
0.947974 0.575307
0.950475 0.576599
0.952976 0.577883
0.955478 0.57916
0.957979 0.580429
0.96048 0.581689
0.962981 0.582941
0.965483 0.584182
0.967984 0.585413
0.970485 0.586633
0.972986 0.587841
0.975488 0.589038
0.977989 0.590221
0.98049 0.591392
0.982991 0.592548
0.985493 0.59369
0.987994 0.594818
0.990495 0.595929
0.992996 0.597024
0.995498 0.598103
0.997999 0.599164
1.0005 0.600207
1.003 0.601232
1.0055 0.602239
1.008 0.603227
1.01051 0.604198
1.01301 0.605151
1.01551 0.606085
1.01801 0.607003
1.02051 0.607902
1.02301 0.608785
1.02551 0.60965
1.02801 0.610498
1.03052 0.611328
1.03302 0.612142
1.03552 0.612939
1.03802 0.61372
1.04052 0.614484
1.04302 0.615231
1.04552 0.615962
1.04802 0.616677
1.05053 0.617376
1.05303 0.618058
1.05553 0.618725
1.05803 0.619377
1.06053 0.620012
1.06303 0.620632
1.06553 0.621237
1.06803 0.621827
1.07054 0.622401
1.07304 0.62296
1.07554 0.623505
1.07804 0.624035
1.08054 0.62455
1.08304 0.62505
1.08554 0.625537
1.08804 0.626009
1.09055 0.626466
1.09305 0.62691
1.09555 0.62734
1.09805 0.627756
1.10055 0.628158
1.10305 0.628547
1.10555 0.628922
1.10805 0.629284
1.11056 0.629633
1.11306 0.629969
1.11556 0.630291
1.11806 0.630601
1.12056 0.630898
1.12306 0.631183
1.12556 0.631455
1.12806 0.631715
1.13057 0.631962
1.13307 0.632198
1.13557 0.632421
1.13807 0.632633
1.14057 0.632833
1.14307 0.633021
1.14557 0.633197
1.14807 0.633362
1.15058 0.633516
1.15308 0.633659
1.15558 0.633791
1.15808 0.633912
1.16058 0.634022
1.16308 0.634121
1.16558 0.63421
1.16808 0.634288
1.17059 0.634356
1.17309 0.634414
1.17559 0.634462
1.17809 0.6345
1.18059 0.634528
1.18309 0.634546
1.18559 0.634555
1.18809 0.634554
1.1906 0.634544
1.1931 0.634525
1.1956 0.634496
1.1981 0.634459
1.2006 0.634412
1.2031 0.634357
1.2056 0.634293
1.2081 0.634221
1.21061 0.634141
1.21311 0.634052
1.21561 0.633955
1.21811 0.63385
1.22061 0.633737
1.22311 0.633616
1.22561 0.633487
1.22811 0.633351
1.23062 0.633208
1.23312 0.633057
1.23562 0.632899
1.23812 0.632734
1.24062 0.632562
1.24312 0.632383
1.24562 0.632198
1.24812 0.632006
1.25063 0.631807
1.25313 0.631602
1.25563 0.631391
1.25813 0.631174
1.26063 0.630951
1.26313 0.630722
1.26563 0.630487
1.26813 0.630246
1.27064 0.63
1.27314 0.629749
1.27564 0.629493
1.27814 0.629231
1.28064 0.628964
1.28314 0.628692
1.28564 0.628416
1.28814 0.628135
1.29065 0.627849
1.29315 0.627559
1.29565 0.627264
1.29815 0.626966
1.30065 0.626663
1.30315 0.626357
1.30565 0.626046
1.30815 0.625732
1.31066 0.625414
1.31316 0.625093
1.31566 0.624769
1.31816 0.624441
1.32066 0.62411
1.32316 0.623776
1.32566 0.623439
1.32816 0.6231
1.33067 0.622758
1.33317 0.622413
1.33567 0.622067
1.33817 0.621717
1.34067 0.621366
1.34317 0.621013
1.34567 0.620657
1.34817 0.6203
1.35068 0.619942
1.35318 0.619581
1.35568 0.61922
1.35818 0.618857
1.36068 0.618493
1.36318 0.618127
1.36568 0.617761
1.36818 0.617394
1.37069 0.617027
1.37319 0.616659
1.37569 0.61629
1.37819 0.615921
1.38069 0.615552
1.38319 0.615182
1.38569 0.614813
1.38819 0.614444
1.3907 0.614075
1.3932 0.613706
1.3957 0.613338
1.3982 0.612971
1.4007 0.612604
1.4032 0.612239
1.4057 0.611874
1.4082 0.61151
1.41071 0.611148
1.41321 0.610786
1.41571 0.610427
1.41821 0.610069
1.42071 0.609712
1.42321 0.609358
1.42571 0.609005
1.42821 0.608655
1.43072 0.608306
1.43322 0.60796
1.43572 0.607617
1.43822 0.607276
1.44072 0.606937
1.44322 0.606602
1.44572 0.606269
1.44822 0.605939
1.45073 0.605613
1.45323 0.60529
1.45573 0.60497
1.45823 0.604653
1.46073 0.604341
1.46323 0.604032
1.46573 0.603727
1.46823 0.603426
1.47074 0.603129
1.47324 0.602836
1.47574 0.602547
1.47824 0.602264
1.48074 0.601984
1.48324 0.60171
1.48574 0.60144
1.48824 0.601175
1.49075 0.600915
1.49325 0.600661
1.49575 0.600411
1.49825 0.600167
1.50075 0.599929
1.50325 0.599696
1.50575 0.599469
1.50825 0.599248
1.51076 0.599032
1.51326 0.598822
1.51576 0.598617
1.51826 0.598418
1.52076 0.598225
1.52326 0.598037
1.52576 0.597854
1.52826 0.597677
1.53077 0.597506
1.53327 0.59734
1.53577 0.597179
1.53827 0.597024
1.54077 0.596875
1.54327 0.596731
1.54577 0.596592
1.54827 0.596459
1.55078 0.596331
1.55328 0.596209
1.55578 0.596092
1.55828 0.59598
1.56078 0.595874
1.56328 0.595773
1.56578 0.595677
1.56828 0.595587
1.57079 0.595502
1.57329 0.595423
1.57579 0.595348
1.57829 0.595279
1.58079 0.595216
1.58329 0.595157
1.58579 0.595104
1.58829 0.595056
1.5908 0.595014
1.5933 0.594976
1.5958 0.594944
1.5983 0.594917
1.6008 0.594895
1.6033 0.594878
1.6058 0.594867
1.6083 0.59486
1.61081 0.594859
1.61331 0.594863
1.61581 0.594872
1.61831 0.594886
1.62081 0.594905
1.62331 0.59493
1.62581 0.594959
1.62831 0.594994
1.63082 0.595033
1.63332 0.595078
1.63582 0.595127
1.63832 0.595182
1.64082 0.595241
1.64332 0.595306
1.64582 0.595375
1.64832 0.59545
1.65083 0.595529
1.65333 0.595614
1.65583 0.595703
1.65833 0.595798
1.66083 0.595897
1.66333 0.596001
1.66583 0.59611
1.66833 0.596224
1.67084 0.596343
1.67334 0.596466
1.67584 0.596595
1.67834 0.596728
1.68084 0.596866
1.68334 0.597009
1.68584 0.597157
1.68834 0.597309
1.69085 0.597466
1.69335 0.597628
1.69585 0.597795
1.69835 0.597967
1.70085 0.598143
1.70335 0.598324
1.70585 0.59851
1.70835 0.5987
1.71086 0.598895
1.71336 0.599095
1.71586 0.599299
1.71836 0.599508
1.72086 0.599722
1.72336 0.599941
1.72586 0.600163
1.72836 0.600391
1.73087 0.600623
1.73337 0.60086
1.73587 0.601101
1.73837 0.601347
1.74087 0.601597
1.74337 0.601852
1.74587 0.602112
1.74837 0.602376
1.75088 0.602644
1.75338 0.602917
1.75588 0.603195
1.75838 0.603477
1.76088 0.603763
1.76338 0.604054
1.76588 0.604349
1.76838 0.604649
1.77089 0.604953
1.77339 0.605261
1.77589 0.605574
1.77839 0.605892
1.78089 0.606213
1.78339 0.606539
1.78589 0.606869
1.78839 0.607204
1.7909 0.607543
1.7934 0.607886
1.7959 0.608234
1.7984 0.608586
1.8009 0.608942
1.8034 0.609302
1.8059 0.609667
1.8084 0.610036
1.81091 0.610409
1.81341 0.610786
1.81591 0.611168
1.81841 0.611553
1.82091 0.611943
1.82341 0.612337
1.82591 0.612736
1.82841 0.613138
1.83092 0.613544
1.83342 0.613955
1.83592 0.61437
1.83842 0.614789
1.84092 0.615212
1.84342 0.615639
1.84592 0.61607
1.84842 0.616505
1.85093 0.616944
1.85343 0.617387
1.85593 0.617835
1.85843 0.618286
1.86093 0.618741
1.86343 0.6192
1.86593 0.619664
1.86843 0.620131
1.87094 0.620602
1.87344 0.621077
1.87594 0.621556
1.87844 0.622039
1.88094 0.622526
1.88344 0.623016
1.88594 0.623511
1.88844 0.624009
1.89095 0.624512
1.89345 0.625018
1.89595 0.625528
1.89845 0.626042
1.90095 0.62656
1.90345 0.627081
1.90595 0.627606
1.90845 0.628135
1.91096 0.628668
1.91346 0.629205
1.91596 0.629745
1.91846 0.630289
1.92096 0.630837
1.92346 0.631389
1.92596 0.631944
1.92846 0.632503
1.93097 0.633065
1.93347 0.633632
1.93597 0.634201
1.93847 0.634775
1.94097 0.635352
1.94347 0.635933
1.94597 0.636517
1.94847 0.637105
1.95098 0.637697
1.95348 0.638292
1.95598 0.638891
1.95848 0.639493
1.96098 0.640099
1.96348 0.640708
1.96598 0.641321
1.96848 0.641938
1.97099 0.642558
1.97349 0.643181
1.97599 0.643808
1.97849 0.644438
1.98099 0.645072
1.98349 0.645709
1.98599 0.64635
1.98849 0.646994
1.991 0.647641
1.9935 0.648292
1.996 0.648946
1.9985 0.649604
2.001 0.650265
2.0035 0.650929
2.006 0.651596
2.0085 0.652264
2.01101 0.652935
2.01351 0.653606
2.01601 0.654278
2.01851 0.654949
2.02101 0.65562
2.02351 0.65629
2.02601 0.656959
2.02851 0.657625
2.03102 0.658288
2.03352 0.658948
2.03602 0.659605
2.03852 0.660256
2.04102 0.660904
2.04352 0.661545
2.04602 0.662181
2.04852 0.66281
2.05103 0.663433
2.05353 0.664048
2.05603 0.664654
2.05853 0.665252
2.06103 0.665841
2.06353 0.666421
2.06603 0.66699
2.06853 0.667548
2.07104 0.668095
2.07354 0.668631
2.07604 0.669154
2.07854 0.669664
2.08104 0.670161
2.08354 0.670643
2.08604 0.671112
2.08854 0.671565
2.09105 0.672003
2.09355 0.672425
2.09605 0.67283
2.09855 0.673218
2.10105 0.673588
2.10355 0.67394
2.10605 0.674273
2.10855 0.674588
2.11106 0.674882
2.11356 0.675156
2.11606 0.675409
2.11856 0.675641
2.12106 0.67585
2.12356 0.676038
2.12606 0.676202
2.12856 0.676343
2.13107 0.676459
2.13357 0.676551
2.13607 0.676618
2.13857 0.67666
2.14107 0.676675
2.14357 0.676663
2.14607 0.676624
2.14857 0.676557
2.15108 0.676462
2.15358 0.676338
2.15608 0.676185
2.15858 0.676002
2.16108 0.675788
2.16358 0.675543
2.16608 0.675267
2.16858 0.674958
2.17109 0.674617
2.17359 0.674243
2.17609 0.673835
2.17859 0.673393
2.18109 0.672916
2.18359 0.672404
2.18609 0.671856
2.18859 0.671272
2.1911 0.670651
2.1936 0.669993
2.1961 0.669296
2.1986 0.668561
2.2011 0.667787
2.2036 0.666974
2.2061 0.66612
2.2086 0.665226
2.21111 0.664291
2.21361 0.663314
2.21611 0.662295
2.21861 0.661233
2.22111 0.660128
2.22361 0.658979
2.22611 0.657785
2.22861 0.656547
2.23112 0.655263
2.23362 0.653934
2.23612 0.652558
2.23862 0.651134
2.24112 0.649664
2.24362 0.648145
2.24612 0.646578
2.24862 0.644961
2.25113 0.643295
2.25363 0.641579
2.25613 0.639812
2.25863 0.637993
2.26113 0.636123
2.26363 0.6342
2.26613 0.632225
2.26863 0.630196
2.27114 0.628113
2.27364 0.625976
2.27614 0.623784
2.27864 0.621536
2.28114 0.619232
2.28364 0.616871
2.28614 0.614454
2.28864 0.611978
2.29115 0.609445
2.29365 0.606852
2.29615 0.604201
2.29865 0.601489
2.30115 0.598717
2.30365 0.595872
2.30615 0.592932
2.30865 0.58987
2.31116 0.586664
2.31366 0.583288
2.31616 0.579719
2.31866 0.575932
2.32116 0.571902
2.32366 0.567606
2.32616 0.563019
2.32866 0.558116
2.33117 0.552873
2.33367 0.547267
2.33617 0.541271
2.33867 0.534863
2.34117 0.528018
2.34367 0.520711
2.34617 0.512919
2.34867 0.504616
2.35118 0.49578
2.35368 0.486429
2.35618 0.476626
2.35868 0.466435
2.36118 0.455923
2.36368 0.445152
2.36618 0.434189
2.36868 0.423098
2.37119 0.411945
2.37369 0.400793
2.37619 0.389708
2.37869 0.378755
2.38119 0.367998
2.38369 0.357503
2.38619 0.347334
2.38869 0.337556
2.3912 0.328234
2.3937 0.319434
2.3962 0.311219
2.3987 0.303655
2.4012 0.296804
2.4037 0.290677
2.4062 0.28523
2.4087 0.280414
2.41121 0.276183
2.41371 0.272489
2.41621 0.269285
2.41871 0.266523
2.42121 0.264156
2.42371 0.262137
2.42621 0.260418
2.42871 0.258953
2.43122 0.257692
2.43372 0.25659
2.43622 0.255599
2.43872 0.254672
2.44122 0.25376
2.44372 0.252817
2.44622 0.251796
2.44872 0.250649
2.45123 0.249329
2.45373 0.24782
2.45623 0.24613
2.45873 0.244273
2.46123 0.24226
2.46373 0.240103
2.46623 0.237813
2.46873 0.235404
2.47124 0.232886
2.47374 0.230272
2.47624 0.227573
2.47874 0.224802
2.48124 0.22197
2.48374 0.21909
2.48624 0.216172
2.48874 0.21323
2.49125 0.210275
2.49375 0.207318
2.49625 0.204372
2.49875 0.201449
2.50125 0.198561
2.50375 0.195712
2.50625 0.192904
2.50875 0.190135
2.51126 0.187406
2.51376 0.184717
2.51626 0.182067
2.51876 0.179455
2.52126 0.176883
2.52376 0.174349
2.52626 0.171852
2.52876 0.169394
2.53127 0.166974
2.53377 0.164591
2.53627 0.162245
2.53877 0.159936
2.54127 0.157664
2.54377 0.155428
2.54627 0.153228
2.54877 0.151065
2.55128 0.148936
2.55378 0.146844
2.55628 0.144786
2.55878 0.142764
2.56128 0.140776
2.56378 0.138822
2.56628 0.136903
2.56878 0.135018
2.57129 0.133166
2.57379 0.131348
2.57629 0.129563
2.57879 0.127811
2.58129 0.126091
2.58379 0.124404
2.58629 0.122749
2.58879 0.121126
2.5913 0.119535
2.5938 0.117975
2.5963 0.116446
2.5988 0.114949
2.6013 0.113481
2.6038 0.112045
2.6063 0.110638
2.6088 0.109262
2.61131 0.107915
2.61381 0.106598
2.61631 0.105309
2.61881 0.10405
2.62131 0.102819
2.62381 0.101617
2.62631 0.100443
2.62881 0.0992969
2.63132 0.0981784
2.63382 0.0970874
2.63632 0.0960236
2.63882 0.0949867
2.64132 0.0939765
2.64382 0.0929927
2.64632 0.0920351
2.64882 0.0911034
2.65133 0.0901974
2.65383 0.0893168
2.65633 0.0884614
2.65883 0.087631
2.66133 0.0868252
2.66383 0.0860439
2.66633 0.0852867
2.66883 0.0845535
2.67134 0.0838439
2.67384 0.0831578
2.67634 0.0824949
2.67884 0.0818549
2.68134 0.0812376
2.68384 0.0806427
2.68634 0.0800701
2.68884 0.0795193
2.69135 0.0789902
2.69385 0.0784826
2.69635 0.0779961
2.69885 0.0775306
2.70135 0.0770858
2.70385 0.0766614
2.70635 0.0762572
2.70885 0.0758729
2.71136 0.0755083
2.71386 0.0751632
2.71636 0.0748372
2.71886 0.0745302
2.72136 0.0742418
2.72386 0.0739719
2.72636 0.0737202
2.72886 0.0734864
2.73137 0.0732704
2.73387 0.0730717
2.73637 0.0728902
2.73887 0.0727257
2.74137 0.0725779
2.74387 0.0724465
2.74637 0.0723313
2.74887 0.072232
2.75138 0.0721484
2.75388 0.0720803
2.75638 0.0720273
2.75888 0.0719893
2.76138 0.071966
2.76388 0.0719571
2.76638 0.0719624
2.76888 0.0719817
2.77139 0.0720146
2.77389 0.072061
2.77639 0.0721206
2.77889 0.0721931
2.78139 0.0722783
2.78389 0.0723759
2.78639 0.0724858
2.78889 0.0726076
2.7914 0.0727411
2.7939 0.072886
2.7964 0.0730421
2.7989 0.0732092
2.8014 0.0733869
2.8039 0.0735751
2.8064 0.0737735
2.8089 0.0739818
2.81141 0.0741999
2.81391 0.0744273
2.81641 0.074664
2.81891 0.0749096
2.82141 0.0751639
2.82391 0.0754267
2.82641 0.0756976
2.82891 0.0759765
2.83142 0.0762631
2.83392 0.0765572
2.83642 0.0768584
2.83892 0.0771666
2.84142 0.0774815
2.84392 0.0778028
2.84642 0.0781303
2.84892 0.0784638
2.85143 0.078803
2.85393 0.0791476
2.85643 0.0794974
2.85893 0.0798522
2.86143 0.0802116
2.86393 0.0805755
2.86643 0.0809436
2.86893 0.0813157
2.87144 0.0816915
2.87394 0.0820707
2.87644 0.0824531
2.87894 0.0828385
2.88144 0.0832265
2.88394 0.083617
2.88644 0.0840097
2.88894 0.0844044
2.89145 0.0848008
2.89395 0.0851986
2.89645 0.0855976
2.89895 0.0859976
2.90145 0.0863982
2.90395 0.0867994
2.90645 0.0872007
2.90895 0.087602
2.91146 0.088003
2.91396 0.0884034
2.91646 0.088803
2.91896 0.0892016
2.92146 0.0895989
2.92396 0.0899947
2.92646 0.0903886
2.92896 0.0907805
2.93147 0.0911701
2.93397 0.0915572
2.93647 0.0919415
2.93897 0.0923227
2.94147 0.0927006
2.94397 0.093075
2.94647 0.0934456
2.94897 0.0938122
2.95148 0.0941744
2.95398 0.0945322
2.95648 0.0948851
2.95898 0.095233
2.96148 0.0955755
2.96398 0.0959126
2.96648 0.0962438
2.96898 0.096569
2.97149 0.096888
2.97399 0.0972003
2.97649 0.0975059
2.97899 0.0978044
2.98149 0.0980957
2.98399 0.0983794
2.98649 0.0986553
2.98899 0.0989232
2.9915 0.0991828
2.994 0.0994338
2.9965 0.0996761
2.999 0.0999093
3.0015 0.100133
3.004 0.100348
3.0065 0.100553
3.009 0.100749
3.01151 0.100936
3.01401 0.101114
3.01651 0.101283
3.01901 0.101443
3.02151 0.101594
3.02401 0.101736
3.02651 0.10187
3.02901 0.101995
3.03152 0.102111
3.03402 0.102219
3.03652 0.102319
3.03902 0.10241
3.04152 0.102492
3.04402 0.102567
3.04652 0.102633
3.04902 0.102691
3.05153 0.102742
3.05403 0.102784
3.05653 0.102818
3.05903 0.102845
3.06153 0.102864
3.06403 0.102875
3.06653 0.102878
3.06903 0.102874
3.07154 0.102863
3.07404 0.102844
3.07654 0.102818
3.07904 0.102784
3.08154 0.102743
3.08404 0.102696
3.08654 0.102641
3.08904 0.102579
3.09155 0.10251
3.09405 0.102435
3.09655 0.102352
3.09905 0.102263
3.10155 0.102168
3.10405 0.102065
3.10655 0.101957
3.10905 0.101841
3.11156 0.10172
3.11406 0.101592
3.11656 0.101458
3.11906 0.101318
3.12156 0.101172
3.12406 0.101019
3.12656 0.100861
3.12906 0.100697
3.13157 0.100527
3.13407 0.100352
3.13657 0.10017
3.13907 0.0999836
3.14157 0.0997913
3.14407 0.0995934
3.14657 0.0993902
3.14907 0.0991817
3.15158 0.098968
3.15408 0.0987491
3.15658 0.0985251
3.15908 0.098296
3.16158 0.098062
3.16408 0.0978231
3.16658 0.0975793
3.16908 0.0973309
3.17159 0.0970777
3.17409 0.0968199
3.17659 0.0965576
3.17909 0.0962907
3.18159 0.0960195
3.18409 0.095744
3.18659 0.0954641
3.18909 0.0951801
3.1916 0.094892
3.1941 0.0945998
3.1966 0.0943036
3.1991 0.0940034
3.2016 0.0936995
3.2041 0.0933917
3.2066 0.0930803
3.2091 0.0927652
3.21161 0.0924465
3.21411 0.0921243
3.21661 0.0917987
3.21911 0.0914697
3.22161 0.0911375
3.22411 0.090802
3.22661 0.0904633
3.22911 0.0901216
3.23162 0.0897769
3.23412 0.0894292
3.23662 0.0890786
3.23912 0.0887253
3.24162 0.0883692
3.24412 0.0880104
3.24662 0.087649
3.24912 0.0872851
3.25163 0.0869188
3.25413 0.08655
3.25663 0.086179
3.25913 0.0858057
3.26163 0.0854302
3.26413 0.0850526
3.26663 0.0846729
3.26913 0.0842913
3.27164 0.0839078
3.27414 0.0835224
3.27664 0.0831353
3.27914 0.0827465
3.28164 0.0823561
3.28414 0.0819641
3.28664 0.0815707
3.28914 0.0811758
3.29165 0.0807796
3.29415 0.0803821
3.29665 0.0799834
3.29915 0.0795835
3.30165 0.0791826
3.30415 0.0787807
3.30665 0.0783779
3.30915 0.0779742
3.31166 0.0775697
3.31416 0.0771645
3.31666 0.0767587
3.31916 0.0763523
3.32166 0.0759453
3.32416 0.075538
3.32666 0.0751302
3.32916 0.0747222
3.33167 0.0743139
3.33417 0.0739055
3.33667 0.0734969
3.33917 0.0730884
3.34167 0.0726799
3.34417 0.0722715
3.34667 0.0718633
3.34917 0.0714553
3.35168 0.0710477
3.35418 0.0706405
3.35668 0.0702337
3.35918 0.0698275
3.36168 0.0694219
3.36418 0.0690169
3.36668 0.0686127
3.36918 0.0682093
3.37169 0.0678068
3.37419 0.0674053
3.37669 0.0670047
3.37919 0.0666053
3.38169 0.066207
3.38419 0.0658099
3.38669 0.0654142
3.38919 0.0650198
3.3917 0.0646269
3.3942 0.0642354
3.3967 0.0638455
3.3992 0.0634573
3.4017 0.0630708
3.4042 0.0626861
3.4067 0.0623033
3.4092 0.0619223
3.41171 0.0615434
3.41421 0.0611665
3.41671 0.0607918
3.41921 0.0604193
3.42171 0.060049
3.42421 0.0596811
3.42671 0.0593156
3.42921 0.0589526
3.43172 0.0585921
3.43422 0.0582343
3.43672 0.0578791
3.43922 0.0575268
3.44172 0.0571772
3.44422 0.0568305
3.44672 0.0564869
3.44922 0.0561462
3.45173 0.0558087
3.45423 0.0554743
3.45673 0.0551432
3.45923 0.0548154
3.46173 0.054491
3.46423 0.05417
3.46673 0.0538526
3.46923 0.0535388
3.47174 0.0532286
3.47424 0.0529222
3.47674 0.0526196
3.47924 0.0523208
3.48174 0.052026
3.48424 0.0517352
3.48674 0.0514485
3.48924 0.051166
3.49175 0.0508877
3.49425 0.0506136
3.49675 0.0503439
3.49925 0.0500787
3.50175 0.0498179
3.50425 0.0495617
3.50675 0.0493099
3.50925 0.0490626
3.51176 0.0488197
3.51426 0.0485812
3.51676 0.048347
3.51926 0.0481171
3.52176 0.0478916
3.52426 0.0476703
3.52676 0.0474533
3.52926 0.0472405
3.53177 0.0470319
3.53427 0.0468274
3.53677 0.0466271
3.53927 0.0464309
3.54177 0.0462387
3.54427 0.0460506
3.54677 0.0458665
3.54927 0.0456864
3.55178 0.0455103
3.55428 0.0453381
3.55678 0.0451698
3.55928 0.0450053
3.56178 0.0448447
3.56428 0.044688
3.56678 0.044535
3.56928 0.0443857
3.57179 0.0442402
3.57429 0.0440984
3.57679 0.0439603
3.57929 0.0438258
3.58179 0.043695
3.58429 0.0435677
3.58679 0.0434439
3.58929 0.0433238
3.5918 0.0432071
3.5943 0.0430939
3.5968 0.0429841
3.5993 0.0428777
3.6018 0.0427748
3.6043 0.0426751
3.6068 0.0425789
3.6093 0.0424859
3.61181 0.0423962
3.61431 0.0423097
3.61681 0.0422265
3.61931 0.0421464
3.62181 0.0420695
3.62431 0.0419958
3.62681 0.0419251
3.62931 0.0418575
3.63182 0.041793
3.63432 0.0417314
3.63682 0.0416729
3.63932 0.0416173
3.64182 0.0415646
3.64432 0.0415149
3.64682 0.041468
3.64932 0.041424
3.65183 0.0413827
3.65433 0.0413443
3.65683 0.0413086
3.65933 0.0412757
3.66183 0.0412455
3.66433 0.0412179
3.66683 0.041193
3.66933 0.0411706
3.67184 0.0411509
3.67434 0.0411338
3.67684 0.0411191
3.67934 0.041107
3.68184 0.0410973
3.68434 0.0410901
3.68684 0.0410853
3.68934 0.0410829
3.69185 0.0410829
3.69435 0.0410851
3.69685 0.0410897
3.69935 0.0410966
3.70185 0.0411057
3.70435 0.041117
3.70685 0.0411305
3.70935 0.0411462
3.71186 0.0411639
3.71436 0.0411838
3.71686 0.0412058
3.71936 0.0412298
3.72186 0.0412558
3.72436 0.0412839
3.72686 0.0413138
3.72936 0.0413457
3.73187 0.0413795
3.73437 0.0414152
3.73687 0.0414527
3.73937 0.0414921
3.74187 0.0415332
3.74437 0.0415761
3.74687 0.0416207
3.74937 0.041667
3.75188 0.041715
3.75438 0.0417646
3.75688 0.0418159
3.75938 0.0418687
3.76188 0.0419231
3.76438 0.041979
3.76688 0.0420364
3.76938 0.0420953
3.77189 0.0421557
3.77439 0.0422174
3.77689 0.0422806
3.77939 0.0423451
3.78189 0.0424109
3.78439 0.0424781
3.78689 0.0425465
3.78939 0.0426161
3.7919 0.042687
3.7944 0.0427591
3.7969 0.0428323
3.7994 0.0429066
3.8019 0.0429821
3.8044 0.0430586
3.8069 0.0431362
3.8094 0.0432147
3.81191 0.0432943
3.81441 0.0433748
3.81691 0.0434563
3.81941 0.0435387
3.82191 0.0436219
3.82441 0.043706
3.82691 0.0437909
3.82941 0.0438765
3.83192 0.043963
3.83442 0.0440501
3.83692 0.044138
3.83942 0.0442266
3.84192 0.0443157
3.84442 0.0444056
3.84692 0.0444959
3.84942 0.0445869
3.85193 0.0446784
3.85443 0.0447704
3.85693 0.0448628
3.85943 0.0449557
3.86193 0.045049
3.86443 0.0451427
3.86693 0.0452368
3.86943 0.0453312
3.87194 0.0454259
3.87444 0.0455208
3.87694 0.045616
3.87944 0.0457115
3.88194 0.0458071
3.88444 0.0459029
3.88694 0.0459988
3.88944 0.0460948
3.89195 0.0461908
3.89445 0.046287
3.89695 0.0463831
3.89945 0.0464792
3.90195 0.0465753
3.90445 0.0466713
3.90695 0.0467672
3.90945 0.046863
3.91196 0.0469586
3.91446 0.0470541
3.91696 0.0471493
3.91946 0.0472443
3.92196 0.047339
3.92446 0.0474335
3.92696 0.0475276
3.92946 0.0476213
3.93197 0.0477147
3.93447 0.0478076
3.93697 0.0479001
3.93947 0.0479921
3.94197 0.0480837
3.94447 0.0481747
3.94697 0.0482651
3.94947 0.048355
3.95198 0.0484443
3.95448 0.0485329
3.95698 0.0486208
3.95948 0.0487081
3.96198 0.0487946
3.96448 0.0488804
3.96698 0.0489653
3.96948 0.0490495
3.97199 0.0491328
3.97449 0.0492153
3.97699 0.0492968
3.97949 0.0493775
3.98199 0.0494571
3.98449 0.0495358
3.98699 0.0496135
3.98949 0.0496901
3.992 0.0497657
3.9945 0.0498402
3.997 0.0499135
3.9995 0.0499857
4.002 0.0500567
4.0045 0.0501265
4.007 0.0501952
4.0095 0.0502626
4.01201 0.050329
4.01451 0.0503941
4.01701 0.0504581
4.01951 0.050521
4.02201 0.0505827
4.02451 0.0506433
4.02701 0.0507028
4.02951 0.0507612
4.03202 0.0508184
4.03452 0.0508746
4.03702 0.0509297
4.03952 0.0509837
4.04202 0.0510366
4.04452 0.0510884
4.04702 0.0511392
4.04952 0.0511889
4.05203 0.0512376
4.05453 0.0512852
4.05703 0.0513318
4.05953 0.0513774
4.06203 0.051422
4.06453 0.0514655
4.06703 0.051508
4.06953 0.0515496
4.07204 0.0515901
4.07454 0.0516297
4.07704 0.0516683
4.07954 0.0517059
4.08204 0.0517425
4.08454 0.0517782
4.08704 0.051813
4.08954 0.0518468
4.09205 0.0518797
4.09455 0.0519116
4.09705 0.0519426
4.09955 0.0519727
4.10205 0.0520019
4.10455 0.0520303
4.10705 0.0520577
4.10955 0.0520842
4.11206 0.0521099
4.11456 0.0521346
4.11706 0.0521586
4.11956 0.0521816
4.12206 0.0522039
4.12456 0.0522252
4.12706 0.0522458
4.12956 0.0522655
4.13207 0.0522844
4.13457 0.0523025
4.13707 0.0523197
4.13957 0.0523362
4.14207 0.0523519
4.14457 0.0523668
4.14707 0.0523809
4.14957 0.0523943
4.15208 0.0524069
4.15458 0.0524187
4.15708 0.0524298
4.15958 0.0524402
4.16208 0.0524498
4.16458 0.0524587
4.16708 0.0524668
4.16958 0.0524743
4.17209 0.052481
4.17459 0.0524871
4.17709 0.0524925
4.17959 0.0524971
4.18209 0.0525011
4.18459 0.0525045
4.18709 0.0525071
4.18959 0.0525091
4.1921 0.0525105
4.1946 0.0525112
4.1971 0.0525113
4.1996 0.0525108
4.2021 0.0525096
4.2046 0.0525078
4.2071 0.0525054
4.2096 0.0525025
4.21211 0.0524989
4.21461 0.0524947
4.21711 0.05249
4.21961 0.0524847
4.22211 0.0524788
4.22461 0.0524724
4.22711 0.0524655
4.22961 0.052458
4.23212 0.0524499
4.23462 0.0524413
4.23712 0.0524323
4.23962 0.0524226
4.24212 0.0524125
4.24462 0.0524019
4.24712 0.0523908
4.24962 0.0523793
4.25213 0.0523672
4.25463 0.0523547
4.25713 0.0523417
4.25963 0.0523282
4.26213 0.0523143
4.26463 0.0523
4.26713 0.0522852
4.26963 0.05227
4.27214 0.0522544
4.27464 0.0522384
4.27714 0.0522219
4.27964 0.0522051
4.28214 0.0521879
4.28464 0.0521703
4.28714 0.0521523
4.28964 0.0521339
4.29215 0.0521152
4.29465 0.0520961
4.29715 0.0520767
4.29965 0.0520569
4.30215 0.0520368
4.30465 0.0520164
4.30715 0.0519957
4.30965 0.0519746
4.31216 0.0519532
4.31466 0.0519316
4.31716 0.0519096
4.31966 0.0518874
4.32216 0.0518649
4.32466 0.0518421
4.32716 0.051819
4.32966 0.0517957
4.33217 0.0517722
4.33467 0.0517484
4.33717 0.0517243
4.33967 0.0517001
4.34217 0.0516756
4.34467 0.0516509
4.34717 0.051626
4.34967 0.0516009
4.35218 0.0515757
4.35468 0.0515502
4.35718 0.0515245
4.35968 0.0514987
4.36218 0.0514728
4.36468 0.0514466
4.36718 0.0514203
4.36968 0.0513939
4.37219 0.0513674
4.37469 0.0513407
4.37719 0.0513139
4.37969 0.051287
4.38219 0.0512599
4.38469 0.0512328
4.38719 0.0512056
4.38969 0.0511783
4.3922 0.0511509
4.3947 0.0511235
4.3972 0.051096
4.3997 0.0510684
4.4022 0.0510408
4.4047 0.0510132
4.4072 0.0509855
4.4097 0.0509578
4.41221 0.05093
4.41471 0.0509023
4.41721 0.0508745
4.41971 0.0508468
4.42221 0.050819
4.42471 0.0507913
4.42721 0.0507636
4.42971 0.0507359
4.43222 0.0507083
4.43472 0.0506807
4.43722 0.0506532
4.43972 0.0506257
4.44222 0.0505983
4.44472 0.050571
4.44722 0.0505437
4.44972 0.0505165
4.45223 0.0504894
4.45473 0.0504625
4.45723 0.0504356
4.45973 0.0504088
4.46223 0.0503822
4.46473 0.0503557
4.46723 0.0503293
4.46973 0.0503031
4.47224 0.0502771
4.47474 0.0502512
4.47724 0.0502254
4.47974 0.0501998
4.48224 0.0501745
4.48474 0.0501493
4.48724 0.0501242
4.48974 0.0500994
4.49225 0.0500748
4.49475 0.0500505
4.49725 0.0500263
4.49975 0.0500024
4.50225 0.0499787
4.50475 0.0499552
4.50725 0.049932
4.50975 0.049909
4.51226 0.0498863
4.51476 0.0498638
4.51726 0.0498415
4.51976 0.0498195
4.52226 0.0497977
4.52476 0.0497762
4.52726 0.0497549
4.52976 0.0497338
4.53227 0.049713
4.53477 0.0496924
4.53727 0.049672
4.53977 0.0496519
4.54227 0.049632
4.54477 0.0496123
4.54727 0.0495929
4.54977 0.0495738
4.55228 0.0495548
4.55478 0.0495361
4.55728 0.0495177
4.55978 0.0494995
4.56228 0.0494815
4.56478 0.0494637
4.56728 0.0494462
4.56978 0.049429
4.57229 0.0494119
4.57479 0.0493952
4.57729 0.0493786
4.57979 0.0493623
4.58229 0.0493462
4.58479 0.0493304
4.58729 0.0493148
4.58979 0.0492994
4.5923 0.0492843
4.5948 0.0492694
4.5973 0.0492548
4.5998 0.0492404
4.6023 0.0492262
4.6048 0.0492122
4.6073 0.0491985
4.6098 0.0491851
4.61231 0.0491719
4.61481 0.0491589
4.61731 0.0491461
4.61981 0.0491336
4.62231 0.0491214
4.62481 0.0491093
4.62731 0.0490975
4.62981 0.049086
4.63232 0.0490747
4.63482 0.0490636
4.63732 0.0490528
4.63982 0.0490422
4.64232 0.0490318
4.64482 0.0490217
4.64732 0.0490118
4.64982 0.0490021
4.65233 0.0489927
4.65483 0.0489835
4.65733 0.0489746
4.65983 0.0489659
4.66233 0.0489574
4.66483 0.0489492
4.66733 0.0489412
4.66983 0.0489335
4.67234 0.048926
4.67484 0.0489187
4.67734 0.0489117
4.67984 0.0489049
4.68234 0.0488983
4.68484 0.048892
4.68734 0.0488859
4.68984 0.0488801
4.69235 0.0488745
4.69485 0.0488691
4.69735 0.048864
4.69985 0.0488591
4.70235 0.0488544
4.70485 0.04885
4.70735 0.0488459
4.70985 0.0488419
4.71236 0.0488382
4.71486 0.0488348
4.71736 0.0488315
4.71986 0.0488285
4.72236 0.0488258
4.72486 0.0488233
4.72736 0.048821
4.72986 0.048819
4.73237 0.0488172
4.73487 0.0488156
4.73737 0.0488143
4.73987 0.0488132
4.74237 0.0488124
4.74487 0.0488118
4.74737 0.0488114
4.74987 0.0488113
4.75238 0.0488114
4.75488 0.0488117
4.75738 0.0488123
4.75988 0.0488131
4.76238 0.0488142
4.76488 0.0488155
4.76738 0.048817
4.76988 0.0488188
4.77239 0.0488208
4.77489 0.048823
4.77739 0.0488255
4.77989 0.0488283
4.78239 0.0488312
4.78489 0.0488344
4.78739 0.0488379
4.78989 0.0488415
4.7924 0.0488454
4.7949 0.0488496
4.7974 0.048854
4.7999 0.0488586
4.8024 0.0488635
4.8049 0.0488686
4.8074 0.0488739
4.8099 0.0488795
4.81241 0.0488853
4.81491 0.0488914
4.81741 0.0488977
4.81991 0.0489042
4.82241 0.048911
4.82491 0.048918
4.82741 0.0489252
4.82991 0.0489327
4.83242 0.0489405
4.83492 0.0489484
4.83742 0.0489566
4.83992 0.048965
4.84242 0.0489737
4.84492 0.0489826
4.84742 0.0489918
4.84992 0.0490012
4.85243 0.0490108
4.85493 0.0490207
4.85743 0.0490308
4.85993 0.0490411
4.86243 0.0490517
4.86493 0.0490625
4.86743 0.0490736
4.86993 0.0490849
4.87244 0.0490964
4.87494 0.0491081
4.87744 0.0491202
4.87994 0.0491324
4.88244 0.0491449
4.88494 0.0491576
4.88744 0.0491706
4.88994 0.0491838
4.89245 0.0491972
4.89495 0.0492109
4.89745 0.0492248
4.89995 0.0492389
4.90245 0.0492533
4.90495 0.0492679
4.90745 0.0492828
4.90995 0.0492979
4.91246 0.0493132
4.91496 0.0493288
4.91746 0.0493446
4.91996 0.0493607
4.92246 0.049377
4.92496 0.0493935
4.92746 0.0494103
4.92996 0.0494273
4.93247 0.0494445
4.93497 0.049462
4.93747 0.0494797
4.93997 0.0494977
4.94247 0.0495159
4.94497 0.0495343
4.94747 0.049553
4.94997 0.0495719
4.95248 0.049591
4.95498 0.0496104
4.95748 0.04963
4.95998 0.0496499
4.96248 0.04967
4.96498 0.0496903
4.96748 0.0497109
4.96998 0.0497317
4.97249 0.0497527
4.97499 0.049774
4.97749 0.0497956
4.97999 0.0498173
4.98249 0.0498393
4.98499 0.0498616
4.98749 0.049884
4.98999 0.0499068
4.9925 0.0499297
4.995 0.0499529
4.9975 0.0499763
5 0.05
