0 0.27796
0.00250125 0.274048
0.0050025 0.270247
0.00750375 0.266556
0.010005 0.262974
0.0125063 0.2595
0.0150075 0.256133
0.0175088 0.252873
0.02001 0.249719
0.0225113 0.24667
0.0250125 0.243725
0.0275138 0.240884
0.030015 0.238145
0.0325163 0.235508
0.0350175 0.232973
0.0375188 0.230538
0.04002 0.228202
0.0425213 0.225966
0.0450225 0.223827
0.0475238 0.221786
0.050025 0.219841
0.0525263 0.217992
0.0550275 0.216238
0.0575288 0.214577
0.06003 0.213011
0.0625313 0.211536
0.0650325 0.210154
0.0675338 0.208862
0.070035 0.207661
0.0725363 0.206549
0.0750375 0.205526
0.0775388 0.204591
0.08004 0.203742
0.0825413 0.20298
0.0850425 0.202304
0.0875438 0.201712
0.090045 0.201204
0.0925463 0.20078
0.0950475 0.200438
0.0975488 0.200177
0.10005 0.199997
0.102551 0.199897
0.105053 0.199877
0.107554 0.199935
0.110055 0.200071
0.112556 0.200283
0.115058 0.200572
0.117559 0.200936
0.12006 0.201375
0.122561 0.201887
0.125063 0.202472
0.127564 0.20313
0.130065 0.203859
0.132566 0.204659
0.135068 0.205528
0.137569 0.206467
0.14007 0.207474
0.142571 0.208548
0.145073 0.20969
0.147574 0.210897
0.150075 0.212169
0.152576 0.213506
0.155078 0.214906
0.157579 0.216369
0.16008 0.217895
0.162581 0.219481
0.165083 0.221128
0.167584 0.222835
0.170085 0.2246
0.172586 0.226424
0.175088 0.228305
0.177589 0.230243
0.18009 0.232236
0.182591 0.234284
0.185093 0.236387
0.187594 0.238543
0.190095 0.240752
0.192596 0.243012
0.195098 0.245324
0.197599 0.247686
0.2001 0.250097
0.202601 0.252557
0.205103 0.255062
0.207604 0.257609
0.210105 0.260194
0.212606 0.262814
0.215108 0.265466
0.217609 0.268146
0.22011 0.270851
0.222611 0.273577
0.225113 0.276321
0.227614 0.27908
0.230115 0.28185
0.232616 0.284627
0.235118 0.287409
0.237619 0.290192
0.24012 0.292973
0.242621 0.295747
0.245123 0.298512
0.247624 0.301265
0.250125 0.304001
0.252626 0.306718
0.255128 0.309412
0.257629 0.31208
0.26013 0.314718
0.262631 0.317323
0.265133 0.319891
0.267634 0.322419
0.270135 0.324904
0.272636 0.327342
0.275138 0.32973
0.277639 0.332064
0.28014 0.334342
0.282641 0.336559
0.285143 0.338712
0.287644 0.340798
0.290145 0.342813
0.292646 0.344754
0.295148 0.346618
0.297649 0.348401
0.30015 0.350099
0.302651 0.351713
0.305153 0.35325
0.307654 0.354719
0.310155 0.35613
0.312656 0.357493
0.315158 0.358818
0.317659 0.360115
0.32016 0.361392
0.322661 0.362661
0.325163 0.36393
0.327664 0.365209
0.330165 0.366508
0.332666 0.367837
0.335168 0.369206
0.337669 0.370624
0.34017 0.3721
0.342671 0.373646
0.345173 0.375269
0.347674 0.376981
0.350175 0.37879
0.352676 0.380707
0.355178 0.382741
0.357679 0.384902
0.36018 0.3872
0.362681 0.389644
0.365183 0.392244
0.367684 0.39501
0.370185 0.397951
0.372686 0.401078
0.375188 0.404399
0.377689 0.407926
0.38019 0.411666
0.382691 0.415631
0.385193 0.419829
0.387694 0.424272
0.390195 0.428967
0.392696 0.433925
0.395198 0.439156
0.397699 0.44467
0.4002 0.450475
0.402701 0.456577
0.405203 0.462962
0.407704 0.469614
0.410205 0.476515
0.412706 0.483649
0.415208 0.490999
0.417709 0.498549
0.42021 0.506282
0.422711 0.514181
0.425213 0.522229
0.427714 0.530411
0.430215 0.538709
0.432716 0.547106
0.435218 0.555586
0.437719 0.564132
0.44022 0.572727
0.442721 0.581356
0.445223 0.59
0.447724 0.598644
0.450225 0.60727
0.452726 0.615862
0.455228 0.624404
0.457729 0.632878
0.46023 0.641268
0.462731 0.649558
0.465233 0.65773
0.467734 0.665768
0.470235 0.673655
0.472736 0.681374
0.475238 0.68891
0.477739 0.696244
0.48024 0.703361
0.482741 0.710244
0.485243 0.716875
0.487744 0.72324
0.490245 0.729319
0.492746 0.735098
0.495248 0.740559
0.497749 0.745686
0.50025 0.750461
0.502751 0.754878
0.505253 0.758954
0.507754 0.762712
0.510255 0.766175
0.512756 0.769366
0.515258 0.772308
0.517759 0.775024
0.52026 0.777537
0.522761 0.77987
0.525263 0.782045
0.527764 0.784087
0.530265 0.786017
0.532766 0.787859
0.535268 0.789636
0.537769 0.79137
0.54027 0.793085
0.542771 0.794803
0.545273 0.796548
0.547774 0.798343
0.550275 0.80021
0.552776 0.802166
0.555278 0.804209
0.557779 0.806335
0.56028 0.808538
0.562781 0.810814
0.565283 0.813158
0.567784 0.815565
0.570285 0.81803
0.572786 0.820547
0.575288 0.823113
0.577789 0.825722
0.58029 0.828369
0.582791 0.831049
0.585293 0.833758
0.587794 0.836491
0.590295 0.839242
0.592796 0.842006
0.595298 0.84478
0.597799 0.847557
0.6003 0.850333
0.602801 0.853103
0.605303 0.855865
0.607804 0.858614
0.610305 0.861347
0.612806 0.864061
0.615308 0.866753
0.617809 0.86942
0.62031 0.872058
0.622811 0.874663
0.625313 0.877233
0.627814 0.879764
0.630315 0.882254
0.632816 0.884698
0.635318 0.887093
0.637819 0.889437
0.64032 0.891725
0.642821 0.893955
0.645323 0.896123
0.647824 0.898226
0.650325 0.900261
0.652826 0.902223
0.655328 0.90411
0.657829 0.905916
0.66033 0.907636
0.662831 0.909267
0.665333 0.910804
0.667834 0.912243
0.670335 0.913578
0.672836 0.914807
0.675338 0.915923
0.677839 0.916923
0.68034 0.917802
0.682841 0.918556
0.685343 0.919181
0.687844 0.919671
0.690345 0.920023
0.692846 0.920232
0.695348 0.920293
0.697849 0.920203
0.70035 0.919956
0.702851 0.919553
0.705353 0.919005
0.707854 0.918326
0.710355 0.917529
0.712856 0.916629
0.715358 0.915638
0.717859 0.91457
0.72036 0.913439
0.722861 0.912259
0.725363 0.911042
0.727864 0.909804
0.730365 0.908556
0.732866 0.907312
0.735368 0.906088
0.737869 0.904895
0.74037 0.903747
0.742871 0.902658
0.745373 0.901642
0.747874 0.900712
0.750375 0.899882
0.752876 0.899161
0.755378 0.898545
0.757879 0.898031
0.76038 0.897612
0.762881 0.897285
0.765383 0.897045
0.767884 0.896886
0.770385 0.896804
0.772886 0.896794
0.775388 0.896852
0.777889 0.896972
0.78039 0.89715
0.782891 0.897381
0.785393 0.89766
0.787894 0.897982
0.790395 0.898343
0.792896 0.898738
0.795398 0.899161
0.797899 0.899609
0.8004 0.900076
0.802901 0.900556
0.805403 0.901041
0.807904 0.90152
0.810405 0.901986
0.812906 0.902427
0.815408 0.902836
0.817909 0.903201
0.82041 0.903515
0.822911 0.903768
0.825413 0.903949
0.827914 0.904051
0.830415 0.904063
0.832916 0.903976
0.835418 0.903781
0.837919 0.903468
0.84042 0.903029
0.842921 0.902452
0.845423 0.90173
0.847924 0.900853
0.850425 0.899811
0.852926 0.898599
0.855428 0.89722
0.857929 0.895679
0.86043 0.89398
0.862931 0.89213
0.865433 0.890132
0.867934 0.887991
0.870435 0.885712
0.872936 0.8833
0.875438 0.880759
0.877939 0.878095
0.88044 0.875313
0.882941 0.872416
0.885443 0.86941
0.887944 0.8663
0.890445 0.863091
0.892946 0.859787
0.895448 0.856392
0.897949 0.852913
0.90045 0.849354
0.902951 0.845715
0.905453 0.841988
0.907954 0.838163
0.910455 0.83423
0.912956 0.830181
0.915458 0.826004
0.917959 0.821689
0.92046 0.817228
0.922961 0.81261
0.925463 0.807825
0.927964 0.802864
0.930465 0.797717
0.932966 0.792373
0.935468 0.786824
0.937969 0.781059
0.94047 0.775068
0.942971 0.768841
0.945473 0.762369
0.947974 0.755643
0.950475 0.748651
0.952976 0.741386
0.955478 0.733845
0.957979 0.726024
0.96048 0.71792
0.962981 0.709531
0.965483 0.700853
0.967984 0.691884
0.970485 0.68262
0.972986 0.673058
0.975488 0.663196
0.977989 0.653029
0.98049 0.642556
0.982991 0.631774
0.985493 0.620678
0.987994 0.609267
0.990495 0.597536
0.992996 0.585484
0.995498 0.573107
0.997999 0.560402
1.0005 0.547366
1.003 0.534014
1.0055 0.5204
1.008 0.506584
1.01051 0.492624
1.01301 0.478581
1.01551 0.464514
1.01801 0.450482
1.02051 0.436546
1.02301 0.422763
1.02551 0.409195
1.02801 0.395899
1.03052 0.382937
1.03302 0.370367
1.03552 0.358249
1.03802 0.346641
1.04052 0.335605
1.04302 0.325199
1.04552 0.315483
1.04802 0.306515
1.05053 0.298357
1.05303 0.291035
1.05553 0.284512
1.05803 0.27874
1.06053 0.273673
1.06303 0.269263
1.06553 0.265463
1.06803 0.262227
1.07054 0.259506
1.07304 0.257254
1.07554 0.255424
1.07804 0.253968
1.08054 0.25284
1.08304 0.251992
1.08554 0.251377
1.08804 0.250949
1.09055 0.250659
1.09305 0.250461
1.09555 0.250308
1.09805 0.250153
1.10055 0.249948
1.10305 0.249662
1.10555 0.249292
1.10805 0.248843
1.11056 0.248315
1.11306 0.247712
1.11556 0.247037
1.11806 0.246291
1.12056 0.245479
1.12306 0.244601
1.12556 0.243662
1.12806 0.242663
1.13057 0.241608
1.13307 0.240498
1.13557 0.239336
1.13807 0.238126
1.14057 0.236869
1.14307 0.235569
1.14557 0.234227
1.14807 0.232847
1.15058 0.231431
1.15308 0.229982
1.15558 0.228502
1.15808 0.226995
1.16058 0.225462
1.16308 0.223906
1.16558 0.22233
1.16808 0.220736
1.17059 0.219128
1.17309 0.217508
1.17559 0.215877
1.17809 0.21424
1.18059 0.212598
1.18309 0.210955
1.18559 0.209313
1.18809 0.207673
1.1906 0.20604
1.1931 0.204416
1.1956 0.202803
1.1981 0.201204
1.2006 0.199622
1.2031 0.198058
1.2056 0.196512
1.2081 0.194985
1.21061 0.193475
1.21311 0.191983
1.21561 0.19051
1.21811 0.189053
1.22061 0.187614
1.22311 0.186192
1.22561 0.184788
1.22811 0.1834
1.23062 0.182029
1.23312 0.180674
1.23562 0.179336
1.23812 0.178014
1.24062 0.176708
1.24312 0.175418
1.24562 0.174143
1.24812 0.172884
1.25063 0.171641
1.25313 0.170413
1.25563 0.1692
1.25813 0.168001
1.26063 0.166818
1.26313 0.165649
1.26563 0.164494
1.26813 0.163354
1.27064 0.162228
1.27314 0.161115
1.27564 0.160016
1.27814 0.158931
1.28064 0.15786
1.28314 0.156801
1.28564 0.155756
1.28814 0.154723
1.29065 0.153704
1.29315 0.152696
1.29565 0.151702
1.29815 0.150719
1.30065 0.149749
1.30315 0.14879
1.30565 0.147844
1.30815 0.146909
1.31066 0.145985
1.31316 0.145073
1.31566 0.144172
1.31816 0.143283
1.32066 0.142404
1.32316 0.141536
1.32566 0.14068
1.32816 0.139833
1.33067 0.138998
1.33317 0.138172
1.33567 0.137357
1.33817 0.136552
1.34067 0.135757
1.34317 0.134972
1.34567 0.134197
1.34817 0.133431
1.35068 0.132675
1.35318 0.131928
1.35568 0.131191
1.35818 0.130463
1.36068 0.129743
1.36318 0.129033
1.36568 0.128331
1.36818 0.127638
1.37069 0.126953
1.37319 0.126276
1.37569 0.125608
1.37819 0.124948
1.38069 0.124296
1.38319 0.123652
1.38569 0.123016
1.38819 0.122387
1.3907 0.121765
1.3932 0.121151
1.3957 0.120544
1.3982 0.119944
1.4007 0.119351
1.4032 0.118765
1.4057 0.118186
1.4082 0.117613
1.41071 0.117047
1.41321 0.116487
1.41571 0.115933
1.41821 0.115385
1.42071 0.114844
1.42321 0.114308
1.42571 0.113777
1.42821 0.113252
1.43072 0.112733
1.43322 0.112219
1.43572 0.11171
1.43822 0.111206
1.44072 0.110707
1.44322 0.110213
1.44572 0.109723
1.44822 0.109238
1.45073 0.108758
1.45323 0.108282
1.45573 0.107809
1.45823 0.107341
1.46073 0.106877
1.46323 0.106416
1.46573 0.10596
1.46823 0.105506
1.47074 0.105056
1.47324 0.10461
1.47574 0.104166
1.47824 0.103726
1.48074 0.103288
1.48324 0.102853
1.48574 0.102421
1.48824 0.101991
1.49075 0.101563
1.49325 0.101138
1.49575 0.100715
1.49825 0.100294
1.50075 0.0998744
1.50325 0.0994569
1.50575 0.0990411
1.50825 0.0986271
1.51076 0.0982149
1.51326 0.0978044
1.51576 0.0973956
1.51826 0.0969887
1.52076 0.0965835
1.52326 0.09618
1.52576 0.0957783
1.52826 0.0953783
1.53077 0.0949801
1.53327 0.0945837
1.53577 0.094189
1.53827 0.093796
1.54077 0.0934048
1.54327 0.0930153
1.54577 0.0926276
1.54827 0.0922417
1.55078 0.0918574
1.55328 0.0914749
1.55578 0.0910942
1.55828 0.0907152
1.56078 0.0903379
1.56328 0.0899624
1.56578 0.0895885
1.56828 0.0892165
1.57079 0.0888461
1.57329 0.0884775
1.57579 0.0881107
1.57829 0.0877455
1.58079 0.0873821
1.58329 0.0870204
1.58579 0.0866605
1.58829 0.0863022
1.5908 0.0859457
1.5933 0.0855909
1.5958 0.0852379
1.5983 0.0848865
1.6008 0.0845369
1.6033 0.084189
1.6058 0.0838428
1.6083 0.0834983
1.61081 0.0831556
1.61331 0.0828145
1.61581 0.0824752
1.61831 0.0821376
1.62081 0.0818017
1.62331 0.0814675
1.62581 0.081135
1.62831 0.0808042
1.63082 0.0804751
1.63332 0.0801478
1.63582 0.0798221
1.63832 0.0794981
1.64082 0.0791759
1.64332 0.0788553
1.64582 0.0785365
1.64832 0.0782193
1.65083 0.0779038
1.65333 0.0775901
1.65583 0.077278
1.65833 0.0769676
1.66083 0.0766589
1.66333 0.0763519
1.66583 0.0760466
1.66833 0.075743
1.67084 0.0754411
1.67334 0.0751408
1.67584 0.0748423
1.67834 0.0745454
1.68084 0.0742502
1.68334 0.0739567
1.68584 0.0736649
1.68834 0.0733748
1.69085 0.0730863
1.69335 0.0727995
1.69585 0.0725144
1.69835 0.072231
1.70085 0.0719492
1.70335 0.0716691
1.70585 0.0713907
1.70835 0.071114
1.71086 0.0708389
1.71336 0.0705655
1.71586 0.0702938
1.71836 0.0700237
1.72086 0.0697553
1.72336 0.0694886
1.72586 0.0692235
1.72836 0.0689601
1.73087 0.0686984
1.73337 0.0684383
1.73587 0.0681798
1.73837 0.0679231
1.74087 0.067668
1.74337 0.0674145
1.74587 0.0671627
1.74837 0.0669125
1.75088 0.066664
1.75338 0.0664172
1.75588 0.066172
1.75838 0.0659285
1.76088 0.0656866
1.76338 0.0654463
1.76588 0.0652077
1.76838 0.0649707
1.77089 0.0647354
1.77339 0.0645017
1.77589 0.0642697
1.77839 0.0640393
1.78089 0.0638105
1.78339 0.0635834
1.78589 0.0633579
1.78839 0.0631341
1.7909 0.0629119
1.7934 0.0626913
1.7959 0.0624723
1.7984 0.062255
1.8009 0.0620393
1.8034 0.0618252
1.8059 0.0616128
1.8084 0.061402
1.81091 0.0611928
1.81341 0.0609853
1.81591 0.0607793
1.81841 0.060575
1.82091 0.0603723
1.82341 0.0601712
1.82591 0.0599718
1.82841 0.059774
1.83092 0.0595777
1.83342 0.0593831
1.83592 0.0591901
1.83842 0.0589988
1.84092 0.058809
1.84342 0.0586208
1.84592 0.0584343
1.84842 0.0582493
1.85093 0.058066
1.85343 0.0578843
1.85593 0.0577042
1.85843 0.0575256
1.86093 0.0573487
1.86343 0.0571734
1.86593 0.0569997
1.86843 0.0568276
1.87094 0.0566571
1.87344 0.0564881
1.87594 0.0563208
1.87844 0.0561551
1.88094 0.055991
1.88344 0.0558284
1.88594 0.0556675
1.88844 0.0555081
1.89095 0.0553503
1.89345 0.0551942
1.89595 0.0550396
1.89845 0.0548865
1.90095 0.0547351
1.90345 0.0545853
1.90595 0.054437
1.90845 0.0542903
1.91096 0.0541452
1.91346 0.0540017
1.91596 0.0538598
1.91846 0.0537194
1.92096 0.0535806
1.92346 0.0534434
1.92596 0.0533078
1.92846 0.0531737
1.93097 0.0530412
1.93347 0.0529103
1.93597 0.0527809
1.93847 0.0526531
1.94097 0.0525269
1.94347 0.0524022
1.94597 0.0522792
1.94847 0.0521576
1.95098 0.0520377
1.95348 0.0519192
1.95598 0.0518024
1.95848 0.0516871
1.96098 0.0515734
1.96348 0.0514612
1.96598 0.0513506
1.96848 0.0512415
1.97099 0.051134
1.97349 0.051028
1.97599 0.0509236
1.97849 0.0508208
1.98099 0.0507195
1.98349 0.0506197
1.98599 0.0505215
1.98849 0.0504248
1.991 0.0503297
1.9935 0.0502361
1.996 0.0501441
1.9985 0.0500536
2.001 0.0499646
2.0035 0.0498772
2.006 0.0497913
2.0085 0.0497069
2.01101 0.049624
2.01351 0.0495426
2.01601 0.0494627
2.01851 0.0493843
2.02101 0.0493073
2.02351 0.0492318
2.02601 0.0491578
2.02851 0.0490852
2.03102 0.049014
2.03352 0.0489442
2.03602 0.0488759
2.03852 0.0488089
2.04102 0.0487433
2.04352 0.0486791
2.04602 0.0486163
2.04852 0.0485548
2.05103 0.0484947
2.05353 0.048436
2.05603 0.0483785
2.05853 0.0483224
2.06103 0.0482676
2.06353 0.0482141
2.06603 0.0481618
2.06853 0.0481109
2.07104 0.0480612
2.07354 0.0480128
2.07604 0.0479657
2.07854 0.0479197
2.08104 0.0478751
2.08354 0.0478316
2.08604 0.0477894
2.08854 0.0477483
2.09105 0.0477085
2.09355 0.0476698
2.09605 0.0476323
2.09855 0.047596
2.10105 0.0475608
2.10355 0.0475268
2.10605 0.0474939
2.10855 0.0474621
2.11106 0.0474315
2.11356 0.0474019
2.11606 0.0473735
2.11856 0.0473461
2.12106 0.0473198
2.12356 0.0472946
2.12606 0.0472704
2.12856 0.0472473
2.13107 0.0472252
2.13357 0.0472041
2.13607 0.0471841
2.13857 0.0471651
2.14107 0.047147
2.14357 0.04713
2.14607 0.0471139
2.14857 0.0470988
2.15108 0.0470847
2.15358 0.0470715
2.15608 0.0470593
2.15858 0.047048
2.16108 0.0470376
2.16358 0.0470281
2.16608 0.0470195
2.16858 0.0470118
2.17109 0.047005
2.17359 0.046999
2.17609 0.0469939
2.17859 0.0469897
2.18109 0.0469863
2.18359 0.0469838
2.18609 0.046982
2.18859 0.0469811
2.1911 0.046981
2.1936 0.0469817
2.1961 0.0469831
2.1986 0.0469854
2.2011 0.0469884
2.2036 0.0469921
2.2061 0.0469966
2.2086 0.0470018
2.21111 0.0470078
2.21361 0.0470145
2.21611 0.0470218
2.21861 0.0470299
2.22111 0.0470387
2.22361 0.0470481
2.22611 0.0470582
2.22861 0.0470689
2.23112 0.0470803
2.23362 0.0470924
2.23612 0.0471051
2.23862 0.0471183
2.24112 0.0471322
2.24362 0.0471467
2.24612 0.0471618
2.24862 0.0471775
2.25113 0.0471937
2.25363 0.0472105
2.25613 0.0472278
2.25863 0.0472457
2.26113 0.0472641
2.26363 0.047283
2.26613 0.0473024
2.26863 0.0473223
2.27114 0.0473428
2.27364 0.0473637
2.27614 0.047385
2.27864 0.0474069
2.28114 0.0474292
2.28364 0.0474519
2.28614 0.0474751
2.28864 0.0474986
2.29115 0.0475226
2.29365 0.047547
2.29615 0.0475718
2.29865 0.047597
2.30115 0.0476226
2.30365 0.0476485
2.30615 0.0476747
2.30865 0.0477013
2.31116 0.0477283
2.31366 0.0477555
2.31616 0.0477831
2.31866 0.047811
2.32116 0.0478392
2.32366 0.0478677
2.32616 0.0478964
2.32866 0.0479254
2.33117 0.0479547
2.33367 0.0479842
2.33617 0.048014
2.33867 0.0480439
2.34117 0.0480741
2.34367 0.0481045
2.34617 0.0481351
2.34867 0.0481659
2.35118 0.0481969
2.35368 0.048228
2.35618 0.0482593
2.35868 0.0482908
2.36118 0.0483224
2.36368 0.0483541
2.36618 0.0483859
2.36868 0.0484178
2.37119 0.0484499
2.37369 0.048482
2.37619 0.0485142
2.37869 0.0485465
2.38119 0.0485788
2.38369 0.0486112
2.38619 0.0486437
2.38869 0.0486761
2.3912 0.0487086
2.3937 0.0487411
2.3962 0.0487736
2.3987 0.0488061
2.4012 0.0488386
2.4037 0.0488711
2.4062 0.0489035
2.4087 0.0489359
2.41121 0.0489682
2.41371 0.0490004
2.41621 0.0490326
2.41871 0.0490647
2.42121 0.0490967
2.42371 0.0491286
2.42621 0.0491604
2.42871 0.049192
2.43122 0.0492235
2.43372 0.0492549
2.43622 0.0492861
2.43872 0.0493172
2.44122 0.049348
2.44372 0.0493787
2.44622 0.0494092
2.44872 0.0494395
2.45123 0.0494696
2.45373 0.0494995
2.45623 0.0495291
2.45873 0.0495585
2.46123 0.0495877
2.46373 0.0496166
2.46623 0.0496452
2.46873 0.0496735
2.47124 0.0497016
2.47374 0.0497293
2.47624 0.0497567
2.47874 0.0497838
2.48124 0.0498106
2.48374 0.0498371
2.48624 0.0498632
2.48874 0.0498889
2.49125 0.0499143
2.49375 0.0499392
2.49625 0.0499638
2.49875 0.0499881
2.50125 0.0500118
2.50375 0.0500352
2.50625 0.0500582
2.50875 0.0500808
2.51126 0.0501029
2.51376 0.0501247
2.51626 0.0501461
2.51876 0.0501671
2.52126 0.0501876
2.52376 0.0502078
2.52626 0.0502276
2.52876 0.0502471
2.53127 0.0502661
2.53377 0.0502847
2.53627 0.050303
2.53877 0.0503209
2.54127 0.0503385
2.54377 0.0503556
2.54627 0.0503724
2.54877 0.0503889
2.55128 0.0504049
2.55378 0.0504206
2.55628 0.050436
2.55878 0.050451
2.56128 0.0504657
2.56378 0.05048
2.56628 0.0504939
2.56878 0.0505075
2.57129 0.0505208
2.57379 0.0505337
2.57629 0.0505464
2.57879 0.0505586
2.58129 0.0505706
2.58379 0.0505822
2.58629 0.0505935
2.58879 0.0506044
2.5913 0.0506151
2.5938 0.0506254
2.5963 0.0506354
2.5988 0.0506451
2.6013 0.0506545
2.6038 0.0506636
2.6063 0.0506724
2.6088 0.0506809
2.61131 0.0506891
2.61381 0.0506969
2.61631 0.0507045
2.61881 0.0507118
2.62131 0.0507189
2.62381 0.0507256
2.62631 0.050732
2.62881 0.0507382
2.63132 0.0507441
2.63382 0.0507497
2.63632 0.050755
2.63882 0.0507601
2.64132 0.0507649
2.64382 0.0507695
2.64632 0.0507737
2.64882 0.0507778
2.65133 0.0507815
2.65383 0.050785
2.65633 0.0507883
2.65883 0.0507913
2.66133 0.0507941
2.66383 0.0507966
2.66633 0.0507989
2.66883 0.0508009
2.67134 0.0508027
2.67384 0.0508043
2.67634 0.0508056
2.67884 0.0508067
2.68134 0.0508076
2.68384 0.0508083
2.68634 0.0508087
2.68884 0.0508089
2.69135 0.0508089
2.69385 0.0508087
2.69635 0.0508083
2.69885 0.0508077
2.70135 0.0508069
2.70385 0.0508059
2.70635 0.0508046
2.70885 0.0508032
2.71136 0.0508016
2.71386 0.0507998
2.71636 0.0507978
2.71886 0.0507956
2.72136 0.0507933
2.72386 0.0507907
2.72636 0.050788
2.72886 0.0507851
2.73137 0.050782
2.73387 0.0507788
2.73637 0.0507754
2.73887 0.0507718
2.74137 0.0507681
2.74387 0.0507642
2.74637 0.0507601
2.74887 0.0507559
2.75138 0.0507515
2.75388 0.050747
2.75638 0.0507424
2.75888 0.0507376
2.76138 0.0507326
2.76388 0.0507275
2.76638 0.0507223
2.76888 0.050717
2.77139 0.0507115
2.77389 0.0507059
2.77639 0.0507001
2.77889 0.0506943
2.78139 0.0506883
2.78389 0.0506822
2.78639 0.0506759
2.78889 0.0506696
2.7914 0.0506632
2.7939 0.0506566
2.7964 0.05065
2.7989 0.0506432
2.8014 0.0506364
2.8039 0.0506294
2.8064 0.0506224
2.8089 0.0506152
2.81141 0.050608
2.81391 0.0506007
2.81641 0.0505933
2.81891 0.0505858
2.82141 0.0505782
2.82391 0.0505706
2.82641 0.0505629
2.82891 0.0505551
2.83142 0.0505473
2.83392 0.0505394
2.83642 0.0505314
2.83892 0.0505233
2.84142 0.0505152
2.84392 0.0505071
2.84642 0.0504989
2.84892 0.0504906
2.85143 0.0504823
2.85393 0.050474
2.85643 0.0504656
2.85893 0.0504572
2.86143 0.0504487
2.86393 0.0504402
2.86643 0.0504317
2.86893 0.0504231
2.87144 0.0504145
2.87394 0.0504059
2.87644 0.0503973
2.87894 0.0503886
2.88144 0.0503799
2.88394 0.0503713
2.88644 0.0503626
2.88894 0.0503539
2.89145 0.0503452
2.89395 0.0503365
2.89645 0.0503277
2.89895 0.050319
2.90145 0.0503103
2.90395 0.0503016
2.90645 0.050293
2.90895 0.0502843
2.91146 0.0502756
2.91396 0.050267
2.91646 0.0502584
2.91896 0.0502498
2.92146 0.0502412
2.92396 0.0502327
2.92646 0.0502241
2.92896 0.0502157
2.93147 0.0502072
2.93397 0.0501988
2.93647 0.0501905
2.93897 0.0501821
2.94147 0.0501739
2.94397 0.0501657
2.94647 0.0501575
2.94897 0.0501494
2.95148 0.0501413
2.95398 0.0501333
2.95648 0.0501254
2.95898 0.0501175
2.96148 0.0501097
2.96398 0.050102
2.96648 0.0500943
2.96898 0.0500867
2.97149 0.0500792
2.97399 0.0500718
2.97649 0.0500645
2.97899 0.0500572
2.98149 0.05005
2.98399 0.050043
2.98649 0.050036
2.98899 0.0500291
2.9915 0.0500223
2.994 0.0500156
2.9965 0.050009
2.999 0.0500026
3.0015 0.0499962
3.004 0.0499899
3.0065 0.0499838
3.009 0.0499778
3.01151 0.0499718
3.01401 0.049966
3.01651 0.0499603
3.01901 0.0499547
3.02151 0.0499492
3.02401 0.0499438
3.02651 0.0499385
3.02901 0.0499333
3.03152 0.0499282
3.03402 0.0499232
3.03652 0.0499183
3.03902 0.0499135
3.04152 0.0499088
3.04402 0.0499042
3.04652 0.0498998
3.04902 0.0498954
3.05153 0.0498911
3.05403 0.0498869
3.05653 0.0498828
3.05903 0.0498787
3.06153 0.0498748
3.06403 0.049871
3.06653 0.0498673
3.06903 0.0498636
3.07154 0.0498601
3.07404 0.0498566
3.07654 0.0498533
3.07904 0.04985
3.08154 0.0498468
3.08404 0.0498437
3.08654 0.0498407
3.08904 0.0498377
3.09155 0.0498349
3.09405 0.0498321
3.09655 0.0498294
3.09905 0.0498269
3.10155 0.0498243
3.10405 0.0498219
3.10655 0.0498196
3.10905 0.0498173
3.11156 0.0498151
3.11406 0.049813
3.11656 0.049811
3.11906 0.049809
3.12156 0.0498072
3.12406 0.0498054
3.12656 0.0498036
3.12906 0.049802
3.13157 0.0498004
3.13407 0.0497989
3.13657 0.0497975
3.13907 0.0497962
3.14157 0.0497949
3.14407 0.0497937
3.14657 0.0497925
3.14907 0.0497915
3.15158 0.0497904
3.15408 0.0497895
3.15658 0.0497886
3.15908 0.0497878
3.16158 0.0497871
3.16408 0.0497864
3.16658 0.0497858
3.16908 0.0497853
3.17159 0.0497848
3.17409 0.0497844
3.17659 0.0497841
3.17909 0.0497838
3.18159 0.0497835
3.18409 0.0497834
3.18659 0.0497832
3.18909 0.0497832
3.1916 0.0497832
3.1941 0.0497832
3.1966 0.0497834
3.1991 0.0497835
3.2016 0.0497838
3.2041 0.049784
3.2066 0.0497844
3.2091 0.0497848
3.21161 0.0497852
3.21411 0.0497857
3.21661 0.0497862
3.21911 0.0497868
3.22161 0.0497874
3.22411 0.0497881
3.22661 0.0497889
3.22911 0.0497896
3.23162 0.0497905
3.23412 0.0497913
3.23662 0.0497923
3.23912 0.0497932
3.24162 0.0497942
3.24412 0.0497953
3.24662 0.0497964
3.24912 0.0497975
3.25163 0.0497987
3.25413 0.0497999
3.25663 0.0498011
3.25913 0.0498024
3.26163 0.0498038
3.26413 0.0498051
3.26663 0.0498065
3.26913 0.049808
3.27164 0.0498094
3.27414 0.0498109
3.27664 0.0498125
3.27914 0.0498141
3.28164 0.0498157
3.28414 0.0498173
3.28664 0.049819
3.28914 0.0498207
3.29165 0.0498224
3.29415 0.0498242
3.29665 0.0498259
3.29915 0.0498278
3.30165 0.0498296
3.30415 0.0498315
3.30665 0.0498334
3.30915 0.0498353
3.31166 0.0498372
3.31416 0.0498392
3.31666 0.0498412
3.31916 0.0498432
3.32166 0.0498452
3.32416 0.0498472
3.32666 0.0498493
3.32916 0.0498514
3.33167 0.0498535
3.33417 0.0498556
3.33667 0.0498578
3.33917 0.0498599
3.34167 0.0498621
3.34417 0.0498643
3.34667 0.0498665
3.34917 0.0498687
3.35168 0.0498709
3.35418 0.0498732
3.35668 0.0498754
3.35918 0.0498777
3.36168 0.0498799
3.36418 0.0498822
3.36668 0.0498845
3.36918 0.0498868
3.37169 0.0498891
3.37419 0.0498914
3.37669 0.0498937
3.37919 0.049896
3.38169 0.0498984
3.38419 0.0499007
3.38669 0.049903
3.38919 0.0499054
3.3917 0.0499077
3.3942 0.04991
3.3967 0.0499124
3.3992 0.0499147
3.4017 0.049917
3.4042 0.0499194
3.4067 0.0499217
3.4092 0.049924
3.41171 0.0499263
3.41421 0.0499286
3.41671 0.0499309
3.41921 0.0499333
3.42171 0.0499355
3.42421 0.0499378
3.42671 0.0499401
3.42921 0.0499424
3.43172 0.0499447
3.43422 0.0499469
3.43672 0.0499491
3.43922 0.0499514
3.44172 0.0499536
3.44422 0.0499558
3.44672 0.049958
3.44922 0.0499602
3.45173 0.0499623
3.45423 0.0499645
3.45673 0.0499666
3.45923 0.0499687
3.46173 0.0499708
3.46423 0.0499729
3.46673 0.0499749
3.46923 0.0499769
3.47174 0.0499789
3.47424 0.0499809
3.47674 0.0499829
3.47924 0.0499848
3.48174 0.0499868
3.48424 0.0499887
3.48674 0.0499905
3.48924 0.0499924
3.49175 0.0499942
3.49425 0.049996
3.49675 0.0499978
3.49925 0.0499995
3.50175 0.0500012
3.50425 0.0500029
3.50675 0.0500045
3.50925 0.0500061
3.51176 0.0500077
3.51426 0.0500093
3.51676 0.0500108
3.51926 0.0500123
3.52176 0.0500138
3.52426 0.0500152
3.52676 0.0500167
3.52926 0.050018
3.53177 0.0500194
3.53427 0.0500207
3.53677 0.0500221
3.53927 0.0500233
3.54177 0.0500246
3.54427 0.0500258
3.54677 0.050027
3.54927 0.0500282
3.55178 0.0500294
3.55428 0.0500305
3.55678 0.0500316
3.55928 0.0500327
3.56178 0.0500337
3.56428 0.0500347
3.56678 0.0500357
3.56928 0.0500367
3.57179 0.0500377
3.57429 0.0500386
3.57679 0.0500395
3.57929 0.0500404
3.58179 0.0500412
3.58429 0.0500421
3.58679 0.0500429
3.58929 0.0500437
3.5918 0.0500444
3.5943 0.0500452
3.5968 0.0500459
3.5993 0.0500466
3.6018 0.0500472
3.6043 0.0500479
3.6068 0.0500485
3.6093 0.0500491
3.61181 0.0500497
3.61431 0.0500503
3.61681 0.0500508
3.61931 0.0500514
3.62181 0.0500519
3.62431 0.0500523
3.62681 0.0500528
3.62931 0.0500532
3.63182 0.0500537
3.63432 0.0500541
3.63682 0.0500544
3.63932 0.0500548
3.64182 0.0500552
3.64432 0.0500555
3.64682 0.0500558
3.64932 0.0500561
3.65183 0.0500563
3.65433 0.0500566
3.65683 0.0500568
3.65933 0.050057
3.66183 0.0500572
3.66433 0.0500574
3.66683 0.0500576
3.66933 0.0500577
3.67184 0.0500579
3.67434 0.050058
3.67684 0.0500581
3.67934 0.0500581
3.68184 0.0500582
3.68434 0.0500583
3.68684 0.0500583
3.68934 0.0500583
3.69185 0.0500583
3.69435 0.0500583
3.69685 0.0500583
3.69935 0.0500582
3.70185 0.0500582
3.70435 0.0500581
3.70685 0.050058
3.70935 0.0500579
3.71186 0.0500578
3.71436 0.0500576
3.71686 0.0500575
3.71936 0.0500573
3.72186 0.0500572
3.72436 0.050057
3.72686 0.0500568
3.72936 0.0500566
3.73187 0.0500564
3.73437 0.0500561
3.73687 0.0500559
3.73937 0.0500556
3.74187 0.0500554
3.74437 0.0500551
3.74687 0.0500548
3.74937 0.0500545
3.75188 0.0500542
3.75438 0.0500538
3.75688 0.0500535
3.75938 0.0500532
3.76188 0.0500528
3.76438 0.0500524
3.76688 0.0500521
3.76938 0.0500517
3.77189 0.0500513
3.77439 0.0500509
3.77689 0.0500505
3.77939 0.0500501
3.78189 0.0500496
3.78439 0.0500492
3.78689 0.0500487
3.78939 0.0500483
3.7919 0.0500478
3.7944 0.0500473
3.7969 0.0500469
3.7994 0.0500464
3.8019 0.0500459
3.8044 0.0500454
3.8069 0.0500449
3.8094 0.0500444
3.81191 0.0500438
3.81441 0.0500433
3.81691 0.0500428
3.81941 0.0500422
3.82191 0.0500417
3.82441 0.0500412
3.82691 0.0500406
3.82941 0.05004
3.83192 0.0500395
3.83442 0.0500389
3.83692 0.0500383
3.83942 0.0500378
3.84192 0.0500372
3.84442 0.0500366
3.84692 0.050036
3.84942 0.0500354
3.85193 0.0500348
3.85443 0.0500342
3.85693 0.0500336
3.85943 0.050033
3.86193 0.0500324
3.86443 0.0500318
3.86693 0.0500311
3.86943 0.0500305
3.87194 0.0500299
3.87444 0.0500293
3.87694 0.0500287
3.87944 0.050028
3.88194 0.0500274
3.88444 0.0500268
3.88694 0.0500262
3.88944 0.0500255
3.89195 0.0500249
3.89445 0.0500243
3.89695 0.0500236
3.89945 0.050023
3.90195 0.0500224
3.90445 0.0500218
3.90695 0.0500211
3.90945 0.0500205
3.91196 0.0500199
3.91446 0.0500193
3.91696 0.0500186
3.91946 0.050018
3.92196 0.0500174
3.92446 0.0500168
3.92696 0.0500162
3.92946 0.0500156
3.93197 0.0500149
3.93447 0.0500143
3.93697 0.0500137
3.93947 0.0500131
3.94197 0.0500125
3.94447 0.0500119
3.94697 0.0500113
3.94947 0.0500108
3.95198 0.0500102
3.95448 0.0500096
3.95698 0.050009
3.95948 0.0500084
3.96198 0.0500079
3.96448 0.0500073
3.96698 0.0500068
3.96948 0.0500062
3.97199 0.0500057
3.97449 0.0500051
3.97699 0.0500046
3.97949 0.0500041
3.98199 0.0500035
3.98449 0.050003
3.98699 0.0500025
3.98949 0.050002
3.992 0.0500015
3.9945 0.050001
3.997 0.0500006
3.9995 0.0500001
4.002 0.0499996
4.0045 0.0499992
4.007 0.0499987
4.0095 0.0499983
4.01201 0.0499978
4.01451 0.0499974
4.01701 0.049997
4.01951 0.0499966
4.02201 0.0499962
4.02451 0.0499958
4.02701 0.0499954
4.02951 0.049995
4.03202 0.0499946
4.03452 0.0499943
4.03702 0.0499939
4.03952 0.0499936
4.04202 0.0499932
4.04452 0.0499929
4.04702 0.0499926
4.04952 0.0499922
4.05203 0.0499919
4.05453 0.0499916
4.05703 0.0499913
4.05953 0.049991
4.06203 0.0499907
4.06453 0.0499904
4.06703 0.0499901
4.06953 0.0499899
4.07204 0.0499896
4.07454 0.0499893
4.07704 0.0499891
4.07954 0.0499888
4.08204 0.0499886
4.08454 0.0499884
4.08704 0.0499881
4.08954 0.0499879
4.09205 0.0499877
4.09455 0.0499875
4.09705 0.0499873
4.09955 0.0499871
4.10205 0.0499869
4.10455 0.0499867
4.10705 0.0499865
4.10955 0.0499864
4.11206 0.0499862
4.11456 0.049986
4.11706 0.0499859
4.11956 0.0499857
4.12206 0.0499856
4.12456 0.0499855
4.12706 0.0499853
4.12956 0.0499852
4.13207 0.0499851
4.13457 0.0499849
4.13707 0.0499848
4.13957 0.0499847
4.14207 0.0499846
4.14457 0.0499845
4.14707 0.0499844
4.14957 0.0499843
4.15208 0.0499843
4.15458 0.0499842
4.15708 0.0499841
4.15958 0.049984
4.16208 0.049984
4.16458 0.0499839
4.16708 0.0499839
4.16958 0.0499838
4.17209 0.0499838
4.17459 0.0499837
4.17709 0.0499837
4.17959 0.0499837
4.18209 0.0499836
4.18459 0.0499836
4.18709 0.0499836
4.18959 0.0499836
4.1921 0.0499836
4.1946 0.0499836
4.1971 0.0499836
4.1996 0.0499836
4.2021 0.0499836
4.2046 0.0499836
4.2071 0.0499836
4.2096 0.0499836
4.21211 0.0499837
4.21461 0.0499837
4.21711 0.0499837
4.21961 0.0499838
4.22211 0.0499838
4.22461 0.0499838
4.22711 0.0499839
4.22961 0.0499839
4.23212 0.049984
4.23462 0.049984
4.23712 0.0499841
4.23962 0.0499842
4.24212 0.0499842
4.24462 0.0499843
4.24712 0.0499844
4.24962 0.0499844
4.25213 0.0499845
4.25463 0.0499846
4.25713 0.0499847
4.25963 0.0499848
4.26213 0.0499849
4.26463 0.049985
4.26713 0.0499851
4.26963 0.0499852
4.27214 0.0499853
4.27464 0.0499854
4.27714 0.0499855
4.27964 0.0499856
4.28214 0.0499857
4.28464 0.0499858
4.28714 0.0499859
4.28964 0.049986
4.29215 0.0499862
4.29465 0.0499863
4.29715 0.0499864
4.29965 0.0499866
4.30215 0.0499867
4.30465 0.0499868
4.30715 0.049987
4.30965 0.0499871
4.31216 0.0499872
4.31466 0.0499874
4.31716 0.0499875
4.31966 0.0499877
4.32216 0.0499878
4.32466 0.049988
4.32716 0.0499881
4.32966 0.0499883
4.33217 0.0499884
4.33467 0.0499886
4.33717 0.0499887
4.33967 0.0499889
4.34217 0.049989
4.34467 0.0499892
4.34717 0.0499894
4.34967 0.0499895
4.35218 0.0499897
4.35468 0.0499899
4.35718 0.04999
4.35968 0.0499902
4.36218 0.0499904
4.36468 0.0499905
4.36718 0.0499907
4.36968 0.0499909
4.37219 0.0499911
4.37469 0.0499912
4.37719 0.0499914
4.37969 0.0499916
4.38219 0.0499918
4.38469 0.0499919
4.38719 0.0499921
4.38969 0.0499923
4.3922 0.0499925
4.3947 0.0499927
4.3972 0.0499928
4.3997 0.049993
4.4022 0.0499932
4.4047 0.0499934
4.4072 0.0499936
4.4097 0.0499937
4.41221 0.0499939
4.41471 0.0499941
4.41721 0.0499943
4.41971 0.0499945
4.42221 0.0499946
4.42471 0.0499948
4.42721 0.049995
4.42971 0.0499952
4.43222 0.0499954
4.43472 0.0499955
4.43722 0.0499957
4.43972 0.0499959
4.44222 0.0499961
4.44472 0.0499963
4.44722 0.0499964
4.44972 0.0499966
4.45223 0.0499968
4.45473 0.049997
4.45723 0.0499972
4.45973 0.0499973
4.46223 0.0499975
4.46473 0.0499977
4.46723 0.0499978
4.46973 0.049998
4.47224 0.0499982
4.47474 0.0499984
4.47724 0.0499985
4.47974 0.0499987
4.48224 0.0499989
4.48474 0.049999
4.48724 0.0499992
4.48974 0.0499993
4.49225 0.0499995
4.49475 0.0499997
4.49725 0.0499998
4.49975 0.05
4.50225 0.0500001
4.50475 0.0500003
4.50725 0.0500004
4.50975 0.0500006
4.51226 0.0500007
4.51476 0.0500009
4.51726 0.050001
4.51976 0.0500012
4.52226 0.0500013
4.52476 0.0500015
4.52726 0.0500016
4.52976 0.0500017
4.53227 0.0500019
4.53477 0.050002
4.53727 0.0500021
4.53977 0.0500023
4.54227 0.0500024
4.54477 0.0500025
4.54727 0.0500027
4.54977 0.0500028
4.55228 0.0500029
4.55478 0.050003
4.55728 0.0500032
4.55978 0.0500033
4.56228 0.0500034
4.56478 0.0500035
4.56728 0.0500036
4.56978 0.0500037
4.57229 0.0500038
4.57479 0.050004
4.57729 0.0500041
4.57979 0.0500042
4.58229 0.0500043
4.58479 0.0500044
4.58729 0.0500045
4.58979 0.0500046
4.5923 0.0500047
4.5948 0.0500048
4.5973 0.0500049
4.5998 0.050005
4.6023 0.0500051
4.6048 0.0500052
4.6073 0.0500052
4.6098 0.0500053
4.61231 0.0500054
4.61481 0.0500055
4.61731 0.0500056
4.61981 0.0500057
4.62231 0.0500057
4.62481 0.0500058
4.62731 0.0500059
4.62981 0.050006
4.63232 0.0500061
4.63482 0.0500061
4.63732 0.0500062
4.63982 0.0500063
4.64232 0.0500063
4.64482 0.0500064
4.64732 0.0500065
4.64982 0.0500065
4.65233 0.0500066
4.65483 0.0500066
4.65733 0.0500067
4.65983 0.0500068
4.66233 0.0500068
4.66483 0.0500069
4.66733 0.0500069
4.66983 0.050007
4.67234 0.050007
4.67484 0.0500071
4.67734 0.0500071
4.67984 0.0500072
4.68234 0.0500072
4.68484 0.0500072
4.68734 0.0500073
4.68984 0.0500073
4.69235 0.0500074
4.69485 0.0500074
4.69735 0.0500074
4.69985 0.0500075
4.70235 0.0500075
4.70485 0.0500075
4.70735 0.0500075
4.70985 0.0500076
4.71236 0.0500076
4.71486 0.0500076
4.71736 0.0500076
4.71986 0.0500077
4.72236 0.0500077
4.72486 0.0500077
4.72736 0.0500077
4.72986 0.0500077
4.73237 0.0500077
4.73487 0.0500077
4.73737 0.0500078
4.73987 0.0500078
4.74237 0.0500078
4.74487 0.0500078
4.74737 0.0500078
4.74987 0.0500078
4.75238 0.0500078
4.75488 0.0500078
4.75738 0.0500078
4.75988 0.0500078
4.76238 0.0500078
4.76488 0.0500077
4.76738 0.0500077
4.76988 0.0500077
4.77239 0.0500077
4.77489 0.0500077
4.77739 0.0500077
4.77989 0.0500077
4.78239 0.0500076
4.78489 0.0500076
4.78739 0.0500076
4.78989 0.0500076
4.7924 0.0500075
4.7949 0.0500075
4.7974 0.0500075
4.7999 0.0500075
4.8024 0.0500074
4.8049 0.0500074
4.8074 0.0500074
4.8099 0.0500073
4.81241 0.0500073
4.81491 0.0500072
4.81741 0.0500072
4.81991 0.0500072
4.82241 0.0500071
4.82491 0.0500071
4.82741 0.050007
4.82991 0.050007
4.83242 0.0500069
4.83492 0.0500069
4.83742 0.0500068
4.83992 0.0500068
4.84242 0.0500067
4.84492 0.0500067
4.84742 0.0500066
4.84992 0.0500065
4.85243 0.0500065
4.85493 0.0500064
4.85743 0.0500063
4.85993 0.0500063
4.86243 0.0500062
4.86493 0.0500061
4.86743 0.0500061
4.86993 0.050006
4.87244 0.0500059
4.87494 0.0500058
4.87744 0.0500058
4.87994 0.0500057
4.88244 0.0500056
4.88494 0.0500055
4.88744 0.0500054
4.88994 0.0500053
4.89245 0.0500052
4.89495 0.0500052
4.89745 0.0500051
4.89995 0.050005
4.90245 0.0500049
4.90495 0.0500048
4.90745 0.0500047
4.90995 0.0500046
4.91246 0.0500045
4.91496 0.0500044
4.91746 0.0500043
4.91996 0.0500042
4.92246 0.0500041
4.92496 0.050004
4.92746 0.0500039
4.92996 0.0500037
4.93247 0.0500036
4.93497 0.0500035
4.93747 0.0500034
4.93997 0.0500033
4.94247 0.0500032
4.94497 0.050003
4.94747 0.0500029
4.94997 0.0500028
4.95248 0.0500027
4.95498 0.0500025
4.95748 0.0500024
4.95998 0.0500023
4.96248 0.0500022
4.96498 0.050002
4.96748 0.0500019
4.96998 0.0500018
4.97249 0.0500016
4.97499 0.0500015
4.97749 0.0500013
4.97999 0.0500012
4.98249 0.0500011
4.98499 0.0500009
4.98749 0.0500008
4.98999 0.0500006
4.9925 0.0500005
4.995 0.0500003
4.9975 0.0500002
5 0.05
