0 0
0.00250125  0.00150561
0.0050025  0.00291415
0.00750375  0.0042272
0.010005  0.00544632
0.0125063  0.00657307
0.0150075  0.00760902
0.0175088  0.00855573
0.02001  0.00941478
0.0225113  0.0101877
0.0250125  0.0108761
0.0275138  0.0114815
0.030015  0.0120055
0.0325163  0.0124497
0.0350175  0.0128155
0.0375188  0.0131047
0.04002  0.0133187
0.0425213  0.0134591
0.0450225  0.0135275
0.0475238  0.0135254
0.050025  0.0134544
0.0525263  0.0133161
0.0550275  0.0131121
0.0575288  0.0128438
0.06003  0.0125129
0.0625313  0.012121
0.0650325  0.0116695
0.0675338  0.0111601
0.070035  0.0105943
0.0725363  0.00997371
0.0750375  0.00929987
0.0775388  0.00857435
0.08004  0.00779872
0.0825413  0.00697453
0.0850425  0.00610335
0.0875438  0.00518676
0.090045  0.00422631
0.0925463  0.00322357
0.0950475  0.0021801
0.0975488  0.00109747
0.10005  0.000
0.102551 0.0011789
0.105053 0.00236877
0.107554 0.00359009
0.110055 0.00484058
0.112556 0.00611796
0.115058 0.00741994
0.117559 0.00874425
0.12006 0.0100886
0.122561 0.0114507
0.125063 0.0128283
0.127564 0.0142191
0.130065 0.0156207
0.132566 0.017031
0.135068 0.0184477
0.137569 0.0198684
0.14007 0.0212909
0.142571 0.0227129
0.145073 0.0241321
0.147574 0.0255463
0.150075 0.026953
0.152576 0.0283502
0.155078 0.0297354
0.157579 0.0311065
0.16008 0.0324611
0.162581 0.0337969
0.165083 0.0351116
0.167584 0.036403
0.170085 0.0376689
0.172586 0.0389068
0.175088 0.0401145
0.177589 0.0412898
0.18009 0.0424304
0.182591 0.0435339
0.185093 0.0445981
0.187594 0.0456207
0.190095 0.0465995
0.192596 0.0475321
0.195098 0.0484163
0.197599 0.0492497
0.2001 0.0500302
0.202601 0.050756
0.205103 0.051428
0.207604 0.0520475
0.210105 0.0526157
0.212606 0.0531341
0.215108 0.0536038
0.217609 0.0540262
0.22011 0.0544027
0.222611 0.0547344
0.225113 0.0550227
0.227614 0.055269
0.230115 0.0554745
0.232616 0.0556405
0.235118 0.0557684
0.237619 0.0558594
0.24012 0.0559148
0.242621 0.055936
0.245123 0.0559243
0.247624 0.0558809
0.250125 0.0558072
0.252626 0.0557045
0.255128 0.0555741
0.257629 0.0554172
0.26013 0.0552353
0.262631 0.0550295
0.265133 0.0548013
0.267634 0.0545518
0.270135 0.0542825
0.272636 0.0539947
0.275138 0.0536895
0.277639 0.0533684
0.28014 0.0530326
0.282641 0.0526835
0.285143 0.0523223
0.287644 0.0519504
0.290145 0.0515691
0.292646 0.0511796
0.295148 0.0507834
0.297649 0.0503816
0.30015 0.0499755
0.302651 0.0495667
0.305153 0.0491568
0.307654 0.0487475
0.310155 0.0483405
0.312656 0.0479377
0.315158 0.0475408
0.317659 0.0471516
0.32016 0.0467717
0.322661 0.046403
0.325163 0.0460472
0.327664 0.045706
0.330165 0.0453813
0.332666 0.0450747
0.335168 0.0447881
0.337669 0.0445231
0.34017 0.0442815
0.342671 0.0440651
0.345173 0.0438757
0.347674 0.0437149
0.350175 0.0435846
0.352676 0.0434864
0.355178 0.0434222
0.357679 0.0433937
0.36018 0.0434027
0.362681 0.0434508
0.365183 0.04354
0.367684 0.0436718
0.370185 0.0438481
0.372686 0.0440706
0.375188 0.0443411
0.377689 0.0446613
0.38019 0.045033
0.382691 0.0454579
0.385193 0.0459378
0.387694 0.0464745
0.390195 0.0470696
0.392696 0.047725
0.395198 0.0484424
0.397699 0.0492235
0.4002 0.0500702
0.402701 0.050983
0.405203 0.0519589
0.407704 0.0529945
0.410205 0.054086
0.412706 0.0552299
0.415208 0.0564224
0.417709 0.05766
0.42021 0.0589391
0.422711 0.060256
0.425213 0.0616071
0.427714 0.0629888
0.430215 0.0643975
0.432716 0.0658295
0.435218 0.0672811
0.437719 0.0687489
0.44022 0.0702291
0.442721 0.0717182
0.445223 0.0732124
0.447724 0.0747082
0.450225 0.076202
0.452726 0.0776901
0.455228 0.079169
0.457729 0.0806349
0.46023 0.0820842
0.462731 0.0835134
0.465233 0.0849188
0.467734 0.0862968
0.470235 0.0876437
0.472736 0.0889559
0.475238 0.0902299
0.477739 0.0914619
0.48024 0.0926484
0.482741 0.0937857
0.485243 0.0948703
0.487744 0.0958984
0.490245 0.0968664
0.492746 0.0977708
0.495248 0.0986079
0.497749 0.0993741
0.50025 0.100066
0.502751 0.100681
0.505253 0.101222
0.507754 0.101692
0.510255 0.102094
0.512756 0.102433
0.515258 0.102711
0.517759 0.102932
0.52026 0.103099
0.522761 0.103215
0.525263 0.103284
0.527764 0.103308
0.530265 0.103293
0.532766 0.10324
0.535268 0.103153
0.537769 0.103036
0.54027 0.102892
0.542771 0.102724
0.545273 0.102536
0.547774 0.102331
0.550275 0.102112
0.552776 0.101882
0.555278 0.101646
0.557779 0.101406
0.56028 0.101166
0.562781 0.100929
0.565283 0.100698
0.567784 0.100477
0.570285 0.10027
0.572786 0.100079
0.575288 0.0999074
0.577789 0.0997595
0.58029 0.0996382
0.582791 0.0995468
0.585293 0.0994888
0.587794 0.0994674
0.590295 0.0994861
0.592796 0.0995482
0.595298 0.099657
0.597799 0.099816
0.6003 0.100028
0.602801 0.100297
0.605303 0.100621
0.607804 0.101001
0.610305 0.101436
0.612806 0.101926
0.615308 0.10247
0.617809 0.103068
0.62031 0.103719
0.622811 0.104423
0.625313 0.10518
0.627814 0.10599
0.630315 0.106851
0.632816 0.107763
0.635318 0.108726
0.637819 0.10974
0.64032 0.110804
0.642821 0.111918
0.645323 0.113081
0.647824 0.114293
0.650325 0.115554
0.652826 0.116862
0.655328 0.118218
0.657829 0.119622
0.66033 0.121072
0.662831 0.122569
0.665333 0.124111
0.667834 0.125699
0.670335 0.127333
0.672836 0.129011
0.675338 0.130733
0.677839 0.132499
0.68034 0.134309
0.682841 0.136162
0.685343 0.138057
0.687844 0.139995
0.690345 0.141974
0.692846 0.143995
0.695348 0.146057
0.697849 0.14816
0.70035 0.150302
0.702851 0.152484
0.705353 0.154704
0.707854 0.15696
0.710355 0.159251
0.712856 0.161574
0.715358 0.163929
0.717859 0.166313
0.72036 0.168724
0.722861 0.171162
0.725363 0.173624
0.727864 0.176108
0.730365 0.178614
0.732866 0.181138
0.735368 0.18368
0.737869 0.186239
0.74037 0.188811
0.742871 0.191395
0.745373 0.193991
0.747874 0.196595
0.750375 0.199207
0.752876 0.201825
0.755378 0.204446
0.757879 0.20707
0.76038 0.209694
0.762881 0.212318
0.765383 0.214938
0.767884 0.217554
0.770385 0.220164
0.772886 0.222766
0.775388 0.225358
0.777889 0.227939
0.78039 0.230507
0.782891 0.233061
0.785393 0.235598
0.787894 0.238117
0.790395 0.240617
0.792896 0.243094
0.795398 0.245549
0.797899 0.247979
0.8004 0.250383
0.802901 0.252759
0.805403 0.25511
0.807904 0.257439
0.810405 0.259748
0.812906 0.262039
0.815408 0.264315
0.817909 0.266579
0.82041 0.268832
0.822911 0.271078
0.825413 0.273319
0.827914 0.275558
0.830415 0.277796
0.832916 0.280037
0.835418 0.282282
0.837919 0.284536
0.84042 0.286799
0.842921 0.289074
0.845423 0.291365
0.847924 0.293673
0.850425 0.296
0.852926 0.298351
0.855428 0.300726
0.857929 0.303129
0.86043 0.305561
0.862931 0.308026
0.865433 0.310526
0.867934 0.313063
0.870435 0.31564
0.872936 0.31826
0.875438 0.320925
0.877939 0.323637
0.88044 0.326399
0.882941 0.329213
0.885443 0.332082
0.887944 0.335009
0.890445 0.337995
0.892946 0.341044
0.895448 0.344158
0.897949 0.347339
0.90045 0.35059
0.902951 0.353912
0.905453 0.357302
0.907954 0.360756
0.910455 0.36427
0.912956 0.367841
0.915458 0.371465
0.917959 0.375139
0.92046 0.378859
0.922961 0.382622
0.925463 0.386423
0.927964 0.39026
0.930465 0.394128
0.932966 0.398024
0.935468 0.401945
0.937969 0.405887
0.94047 0.409845
0.942971 0.413818
0.945473 0.4178
0.947974 0.421789
0.950475 0.425781
0.952976 0.429772
0.955478 0.433758
0.957979 0.437737
0.96048 0.441704
0.962981 0.445655
0.965483 0.449588
0.967984 0.453498
0.970485 0.457383
0.972986 0.461237
0.975488 0.465059
0.977989 0.468844
0.98049 0.472588
0.982991 0.476288
0.985493 0.47994
0.987994 0.483542
0.990495 0.487088
0.992996 0.490576
0.995498 0.494002
0.997999 0.497362
1.0005 0.500652
1.003 0.503872
1.0055 0.50702
1.008 0.510097
1.01051 0.513105
1.01301 0.516044
1.01551 0.518915
1.01801 0.521719
1.02051 0.524457
1.02301 0.527129
1.02551 0.529736
1.02801 0.532279
1.03052 0.534759
1.03302 0.537177
1.03552 0.539533
1.03802 0.541829
1.04052 0.544064
1.04302 0.54624
1.04552 0.548358
1.04802 0.550419
1.05053 0.552422
1.05303 0.55437
1.05553 0.556262
1.05803 0.558101
1.06053 0.559885
1.06303 0.561617
1.06553 0.563297
1.06803 0.564926
1.07054 0.566505
1.07304 0.568034
1.07554 0.569514
1.07804 0.570946
1.08054 0.572332
1.08304 0.573671
1.08554 0.574964
1.08804 0.576213
1.09055 0.577418
1.09305 0.57858
1.09555 0.5797
1.09805 0.580778
1.10055 0.581815
1.10305 0.582813
1.10555 0.583771
1.10805 0.584691
1.11056 0.585574
1.11306 0.58642
1.11556 0.587231
1.11806 0.588006
1.12056 0.588747
1.12306 0.589454
1.12556 0.590129
1.12806 0.590772
1.13057 0.591384
1.13307 0.591966
1.13557 0.592518
1.13807 0.593042
1.14057 0.593538
1.14307 0.594007
1.14557 0.59445
1.14807 0.594867
1.15058 0.59526
1.15308 0.595629
1.15558 0.595974
1.15808 0.596298
1.16058 0.5966
1.16308 0.596882
1.16558 0.597144
1.16808 0.597387
1.17059 0.597612
1.17309 0.597819
1.17559 0.59801
1.17809 0.598185
1.18059 0.598345
1.18309 0.598491
1.18559 0.598624
1.18809 0.598744
1.1906 0.598852
1.1931 0.59895
1.1956 0.599037
1.1981 0.599115
1.2006 0.599184
1.2031 0.599246
1.2056 0.599301
1.2081 0.599349
1.21061 0.599393
1.21311 0.599431
1.21561 0.599466
1.21811 0.599499
1.22061 0.599529
1.22311 0.599557
1.22561 0.599586
1.22811 0.599614
1.23062 0.599644
1.23312 0.599675
1.23562 0.59971
1.23812 0.599748
1.24062 0.59979
1.24312 0.599837
1.24562 0.59989
1.24812 0.59995
1.25063 0.600018
1.25313 0.600093
1.25563 0.600177
1.25813 0.600269
1.26063 0.600369
1.26313 0.600477
1.26563 0.600594
1.26813 0.600718
1.27064 0.600851
1.27314 0.600993
1.27564 0.601142
1.27814 0.6013
1.28064 0.601466
1.28314 0.601641
1.28564 0.601823
1.28814 0.602014
1.29065 0.602214
1.29315 0.602422
1.29565 0.602638
1.29815 0.602863
1.30065 0.603096
1.30315 0.603337
1.30565 0.603587
1.30815 0.603846
1.31066 0.604112
1.31316 0.604388
1.31566 0.604672
1.31816 0.604964
1.32066 0.605265
1.32316 0.605574
1.32566 0.605892
1.32816 0.606219
1.33067 0.606554
1.33317 0.606898
1.33567 0.60725
1.33817 0.607612
1.34067 0.607981
1.34317 0.60836
1.34567 0.608747
1.34817 0.609142
1.35068 0.609547
1.35318 0.60996
1.35568 0.610382
1.35818 0.610813
1.36068 0.611252
1.36318 0.6117
1.36568 0.612157
1.36818 0.612623
1.37069 0.613097
1.37319 0.613581
1.37569 0.614073
1.37819 0.614574
1.38069 0.615084
1.38319 0.615603
1.38569 0.616131
1.38819 0.616668
1.3907 0.617213
1.3932 0.617768
1.3957 0.618332
1.3982 0.618904
1.4007 0.619486
1.4032 0.620076
1.4057 0.620676
1.4082 0.621285
1.41071 0.621902
1.41321 0.622529
1.41571 0.623165
1.41821 0.62381
1.42071 0.624464
1.42321 0.625127
1.42571 0.625799
1.42821 0.626481
1.43072 0.627171
1.43322 0.627871
1.43572 0.62858
1.43822 0.629298
1.44072 0.630025
1.44322 0.630762
1.44572 0.631508
1.44822 0.632263
1.45073 0.633028
1.45323 0.633801
1.45573 0.634584
1.45823 0.635377
1.46073 0.636178
1.46323 0.636989
1.46573 0.63781
1.46823 0.63864
1.47074 0.639479
1.47324 0.640327
1.47574 0.641185
1.47824 0.642053
1.48074 0.64293
1.48324 0.643816
1.48574 0.644712
1.48824 0.645617
1.49075 0.646532
1.49325 0.647456
1.49575 0.64839
1.49825 0.649334
1.50075 0.650287
1.50325 0.651249
1.50575 0.652221
1.50825 0.653202
1.51076 0.654191
1.51326 0.655189
1.51576 0.656195
1.51826 0.657209
1.52076 0.658231
1.52326 0.65926
1.52576 0.660297
1.52826 0.66134
1.53077 0.66239
1.53327 0.663446
1.53577 0.664508
1.53827 0.665576
1.54077 0.66665
1.54327 0.667729
1.54577 0.668814
1.54827 0.669903
1.55078 0.670996
1.55328 0.672094
1.55578 0.673196
1.55828 0.674302
1.56078 0.675411
1.56328 0.676523
1.56578 0.677639
1.56828 0.678757
1.57079 0.679878
1.57329 0.681001
1.57579 0.682125
1.57829 0.683252
1.58079 0.68438
1.58329 0.685509
1.58579 0.686639
1.58829 0.68777
1.5908 0.688901
1.5933 0.690032
1.5958 0.691163
1.5983 0.692294
1.6008 0.693424
1.6033 0.694553
1.6058 0.695681
1.6083 0.696808
1.61081 0.697933
1.61331 0.699056
1.61581 0.700177
1.61831 0.701295
1.62081 0.702411
1.62331 0.703523
1.62581 0.704633
1.62831 0.705738
1.63082 0.70684
1.63332 0.707938
1.63582 0.709032
1.63832 0.710121
1.64082 0.711206
1.64332 0.712285
1.64582 0.713359
1.64832 0.714428
1.65083 0.71549
1.65333 0.716547
1.65583 0.717597
1.65833 0.71864
1.66083 0.719677
1.66333 0.720706
1.66583 0.721728
1.66833 0.722743
1.67084 0.723749
1.67334 0.724748
1.67584 0.725737
1.67834 0.726718
1.68084 0.727691
1.68334 0.728654
1.68584 0.729607
1.68834 0.730551
1.69085 0.731484
1.69335 0.732408
1.69585 0.733321
1.69835 0.734223
1.70085 0.735114
1.70335 0.735993
1.70585 0.736862
1.70835 0.737718
1.71086 0.738562
1.71336 0.739394
1.71586 0.740213
1.71836 0.74102
1.72086 0.741813
1.72336 0.742593
1.72586 0.743359
1.72836 0.744111
1.73087 0.74485
1.73337 0.745573
1.73587 0.746282
1.73837 0.746976
1.74087 0.747655
1.74337 0.748319
1.74587 0.748966
1.74837 0.749598
1.75088 0.750214
1.75338 0.750813
1.75588 0.751395
1.75838 0.751962
1.76088 0.752513
1.76338 0.753048
1.76588 0.753567
1.76838 0.75407
1.77089 0.754558
1.77339 0.755031
1.77589 0.755488
1.77839 0.75593
1.78089 0.756357
1.78339 0.75677
1.78589 0.757167
1.78839 0.75755
1.7909 0.757919
1.7934 0.758273
1.7959 0.758612
1.7984 0.758938
1.8009 0.75925
1.8034 0.759547
1.8059 0.759831
1.8084 0.760102
1.81091 0.760359
1.81341 0.760602
1.81591 0.760832
1.81841 0.761049
1.82091 0.761253
1.82341 0.761445
1.82591 0.761623
1.82841 0.761789
1.83092 0.761942
1.83342 0.762083
1.83592 0.762211
1.83842 0.762328
1.84092 0.762432
1.84342 0.762525
1.84592 0.762606
1.84842 0.762675
1.85093 0.762733
1.85343 0.762779
1.85593 0.762814
1.85843 0.762838
1.86093 0.762851
1.86343 0.762853
1.86593 0.762844
1.86843 0.762824
1.87094 0.762794
1.87344 0.762754
1.87594 0.762704
1.87844 0.762643
1.88094 0.762572
1.88344 0.762491
1.88594 0.762401
1.88844 0.762301
1.89095 0.762191
1.89345 0.762072
1.89595 0.761944
1.89845 0.761807
1.90095 0.76166
1.90345 0.761505
1.90595 0.761341
1.90845 0.761168
1.91096 0.760987
1.91346 0.760797
1.91596 0.760599
1.91846 0.760393
1.92096 0.760179
1.92346 0.759957
1.92596 0.759727
1.92846 0.75949
1.93097 0.759245
1.93347 0.758992
1.93597 0.758733
1.93847 0.758466
1.94097 0.758192
1.94347 0.757912
1.94597 0.757624
1.94847 0.75733
1.95098 0.757029
1.95348 0.756722
1.95598 0.756409
1.95848 0.756089
1.96098 0.755764
1.96348 0.755432
1.96598 0.755095
1.96848 0.754752
1.97099 0.754404
1.97349 0.75405
1.97599 0.753691
1.97849 0.753327
1.98099 0.752958
1.98349 0.752584
1.98599 0.752205
1.98849 0.751821
1.991 0.751433
1.9935 0.75104
1.996 0.750644
1.9985 0.750243
2.001 0.749838
2.0035 0.749429
2.006 0.749016
2.0085 0.748599
2.01101 0.748179
2.01351 0.747755
2.01601 0.747327
2.01851 0.746896
2.02101 0.746461
2.02351 0.746023
2.02601 0.745581
2.02851 0.745136
2.03102 0.744688
2.03352 0.744237
2.03602 0.743782
2.03852 0.743325
2.04102 0.742864
2.04352 0.742401
2.04602 0.741935
2.04852 0.741465
2.05103 0.740993
2.05353 0.740519
2.05603 0.740041
2.05853 0.739562
2.06103 0.739079
2.06353 0.738594
2.06603 0.738107
2.06853 0.737618
2.07104 0.737126
2.07354 0.736632
2.07604 0.736136
2.07854 0.735638
2.08104 0.735137
2.08354 0.734635
2.08604 0.734131
2.08854 0.733625
2.09105 0.733118
2.09355 0.732608
2.09605 0.732097
2.09855 0.731585
2.10105 0.731071
2.10355 0.730555
2.10605 0.730038
2.10855 0.72952
2.11106 0.729
2.11356 0.728479
2.11606 0.727957
2.11856 0.727434
2.12106 0.72691
2.12356 0.726385
2.12606 0.725859
2.12856 0.725333
2.13107 0.724805
2.13357 0.724277
2.13607 0.723748
2.13857 0.723218
2.14107 0.722688
2.14357 0.722158
2.14607 0.721627
2.14857 0.721095
2.15108 0.720564
2.15358 0.720032
2.15608 0.7195
2.15858 0.718968
2.16108 0.718436
2.16358 0.717904
2.16608 0.717372
2.16858 0.71684
2.17109 0.716309
2.17359 0.715777
2.17609 0.715246
2.17859 0.714716
2.18109 0.714186
2.18359 0.713656
2.18609 0.713127
2.18859 0.712599
2.1911 0.712071
2.1936 0.711544
2.1961 0.711018
2.1986 0.710493
2.2011 0.709968
2.2036 0.709445
2.2061 0.708923
2.2086 0.708402
2.21111 0.707882
2.21361 0.707364
2.21611 0.706846
2.21861 0.706331
2.22111 0.705816
2.22361 0.705303
2.22611 0.704792
2.22861 0.704282
2.23112 0.703774
2.23362 0.703268
2.23612 0.702764
2.23862 0.702261
2.24112 0.70176
2.24362 0.701262
2.24612 0.700765
2.24862 0.700271
2.25113 0.699779
2.25363 0.699289
2.25613 0.698801
2.25863 0.698315
2.26113 0.697831
2.26363 0.697349
2.26613 0.696869
2.26863 0.696391
2.27114 0.695914
2.27364 0.695439
2.27614 0.694965
2.27864 0.694493
2.28114 0.694023
2.28364 0.693554
2.28614 0.693085
2.28864 0.692619
2.29115 0.692153
2.29365 0.691688
2.29615 0.691225
2.29865 0.690762
2.30115 0.6903
2.30365 0.689839
2.30615 0.689378
2.30865 0.688918
2.31116 0.688459
2.31366 0.688
2.31616 0.687541
2.31866 0.687083
2.32116 0.686625
2.32366 0.686167
2.32616 0.68571
2.32866 0.685252
2.33117 0.684795
2.33367 0.684337
2.33617 0.683879
2.33867 0.683421
2.34117 0.682963
2.34367 0.682504
2.34617 0.682044
2.34867 0.681585
2.35118 0.681124
2.35368 0.680663
2.35618 0.680201
2.35868 0.679739
2.36118 0.679275
2.36368 0.678811
2.36618 0.678345
2.36868 0.677878
2.37119 0.677411
2.37369 0.676941
2.37619 0.676471
2.37869 0.675999
2.38119 0.675526
2.38369 0.675051
2.38619 0.674575
2.38869 0.674097
2.3912 0.673617
2.3937 0.673135
2.3962 0.672652
2.3987 0.672166
2.4012 0.671679
2.4037 0.671189
2.4062 0.670697
2.4087 0.670203
2.41121 0.669707
2.41371 0.669208
2.41621 0.668707
2.41871 0.668203
2.42121 0.667697
2.42371 0.667188
2.42621 0.666676
2.42871 0.666161
2.43122 0.665644
2.43372 0.665123
2.43622 0.6646
2.43872 0.664073
2.44122 0.663543
2.44372 0.66301
2.44622 0.662473
2.44872 0.661934
2.45123 0.66139
2.45373 0.660844
2.45623 0.660293
2.45873 0.659739
2.46123 0.659181
2.46373 0.658619
2.46623 0.658054
2.46873 0.657484
2.47124 0.656911
2.47374 0.656333
2.47624 0.655751
2.47874 0.655165
2.48124 0.654574
2.48374 0.653979
2.48624 0.65338
2.48874 0.652776
2.49125 0.652167
2.49375 0.651554
2.49625 0.650936
2.49875 0.650313
2.50125 0.649686
2.50375 0.649053
2.50625 0.648416
2.50875 0.647774
2.51126 0.647129
2.51376 0.646479
2.51626 0.645826
2.51876 0.645169
2.52126 0.644509
2.52376 0.643846
2.52626 0.64318
2.52876 0.642512
2.53127 0.641841
2.53377 0.641168
2.53627 0.640493
2.53877 0.639816
2.54127 0.639139
2.54377 0.638459
2.54627 0.637779
2.54877 0.637098
2.55128 0.636417
2.55378 0.635735
2.55628 0.635053
2.55878 0.634371
2.56128 0.633689
2.56378 0.633009
2.56628 0.632328
2.56878 0.631649
2.57129 0.630971
2.57379 0.630295
2.57629 0.62962
2.57879 0.628947
2.58129 0.628277
2.58379 0.627608
2.58629 0.626943
2.58879 0.62628
2.5913 0.62562
2.5938 0.624964
2.5963 0.62431
2.5988 0.623661
2.6013 0.623016
2.6038 0.622374
2.6063 0.621738
2.6088 0.621105
2.61131 0.620478
2.61381 0.619855
2.61631 0.619238
2.61881 0.618627
2.62131 0.618021
2.62381 0.617421
2.62631 0.616828
2.62881 0.61624
2.63132 0.61566
2.63382 0.615086
2.63632 0.614519
2.63882 0.61396
2.64132 0.613408
2.64382 0.612864
2.64632 0.612328
2.64882 0.6118
2.65133 0.611281
2.65383 0.61077
2.65633 0.610268
2.65883 0.609776
2.66133 0.609292
2.66383 0.608818
2.66633 0.608354
2.66883 0.6079
2.67134 0.607456
2.67384 0.607023
2.67634 0.6066
2.67884 0.606189
2.68134 0.605788
2.68384 0.605399
2.68634 0.605021
2.68884 0.604655
2.69135 0.604301
2.69385 0.60396
2.69635 0.603631
2.69885 0.603314
2.70135 0.603011
2.70385 0.60272
2.70635 0.602444
2.70885 0.60218
2.71136 0.601931
2.71386 0.601695
2.71636 0.601474
2.71886 0.601267
2.72136 0.601076
2.72386 0.600899
2.72636 0.600737
2.72886 0.60059
2.73137 0.60046
2.73387 0.600345
2.73637 0.600246
2.73887 0.600164
2.74137 0.600098
2.74387 0.600048
2.74637 0.600016
2.74887 0.600001
2.75138 0.600003
2.75388 0.600023
2.75638 0.60006
2.75888 0.600114
2.76138 0.600185
2.76388 0.600272
2.76638 0.600375
2.76888 0.600495
2.77139 0.60063
2.77389 0.600781
2.77639 0.600947
2.77889 0.601128
2.78139 0.601325
2.78389 0.601536
2.78639 0.601761
2.78889 0.602001
2.7914 0.602254
2.7939 0.602522
2.7964 0.602803
2.7989 0.603097
2.8014 0.603405
2.8039 0.603725
2.8064 0.604058
2.8089 0.604403
2.81141 0.604761
2.81391 0.60513
2.81641 0.605511
2.81891 0.605904
2.82141 0.606308
2.82391 0.606723
2.82641 0.607149
2.82891 0.607586
2.83142 0.608033
2.83392 0.60849
2.83642 0.608957
2.83892 0.609434
2.84142 0.60992
2.84392 0.610415
2.84642 0.61092
2.84892 0.611433
2.85143 0.611955
2.85393 0.612485
2.85643 0.613023
2.85893 0.613569
2.86143 0.614123
2.86393 0.614685
2.86643 0.615253
2.86893 0.615828
2.87144 0.616411
2.87394 0.616999
2.87644 0.617594
2.87894 0.618195
2.88144 0.618802
2.88394 0.619415
2.88644 0.620033
2.88894 0.620656
2.89145 0.621284
2.89395 0.621917
2.89645 0.622554
2.89895 0.623196
2.90145 0.623841
2.90395 0.624491
2.90645 0.625144
2.90895 0.6258
2.91146 0.62646
2.91396 0.627122
2.91646 0.627787
2.91896 0.628454
2.92146 0.629124
2.92396 0.629796
2.92646 0.630469
2.92896 0.631144
2.93147 0.631821
2.93397 0.632498
2.93647 0.633176
2.93897 0.633855
2.94147 0.634535
2.94397 0.635214
2.94647 0.635894
2.94897 0.636573
2.95148 0.637251
2.95398 0.637929
2.95648 0.638606
2.95898 0.639282
2.96148 0.639957
2.96398 0.64063
2.96648 0.6413
2.96898 0.641969
2.97149 0.642636
2.97399 0.6433
2.97649 0.643961
2.97899 0.644619
2.98149 0.645275
2.98399 0.645926
2.98649 0.646574
2.98899 0.647218
2.9915 0.647858
2.994 0.648494
2.9965 0.649125
2.999 0.649751
3.0015 0.650372
3.004 0.650988
3.0065 0.651599
3.009 0.652206
3.01151 0.652807
3.01401 0.653404
3.01651 0.653996
3.01901 0.654583
3.02151 0.655166
3.02401 0.655744
3.02651 0.656318
3.02901 0.656888
3.03152 0.657454
3.03402 0.658016
3.03652 0.658573
3.03902 0.659127
3.04152 0.659676
3.04402 0.660222
3.04652 0.660765
3.04902 0.661303
3.05153 0.661838
3.05403 0.66237
3.05653 0.662898
3.05903 0.663423
3.06153 0.663945
3.06403 0.664464
3.06653 0.664979
3.06903 0.665492
3.07154 0.666002
3.07404 0.666508
3.07654 0.667013
3.07904 0.667514
3.08154 0.668013
3.08404 0.66851
3.08654 0.669004
3.08904 0.669495
3.09155 0.669985
3.09405 0.670472
3.09655 0.670957
3.09905 0.671441
3.10155 0.671922
3.10405 0.672401
3.10655 0.672879
3.10905 0.673355
3.11156 0.67383
3.11406 0.674303
3.11656 0.674774
3.11906 0.675244
3.12156 0.675713
3.12406 0.676181
3.12656 0.676647
3.12906 0.677113
3.13157 0.677577
3.13407 0.678041
3.13657 0.678504
3.13907 0.678966
3.14157 0.679427
3.14407 0.679888
3.14657 0.680349
3.14907 0.680809
3.15158 0.681269
3.15408 0.681728
3.15658 0.682188
3.15908 0.682647
3.16158 0.683106
3.16408 0.683566
3.16658 0.684025
3.16908 0.684485
3.17159 0.684946
3.17409 0.685406
3.17659 0.685867
3.17909 0.686329
3.18159 0.686792
3.18409 0.687255
3.18659 0.687719
3.18909 0.688184
3.1916 0.688649
3.1941 0.689116
3.1966 0.689584
3.1991 0.690054
3.2016 0.690524
3.2041 0.690996
3.2066 0.69147
3.2091 0.691945
3.21161 0.692421
3.21411 0.692899
3.21661 0.69338
3.21911 0.693862
3.22161 0.694345
3.22411 0.694831
3.22661 0.695319
3.22911 0.69581
3.23162 0.696302
3.23412 0.696797
3.23662 0.697295
3.23912 0.697794
3.24162 0.698297
3.24412 0.698802
3.24662 0.69931
3.24912 0.699821
3.25163 0.700334
3.25413 0.700851
3.25663 0.70137
3.25913 0.701892
3.26163 0.702417
3.26413 0.702944
3.26663 0.703473
3.26913 0.704005
3.27164 0.704539
3.27414 0.705075
3.27664 0.705613
3.27914 0.706153
3.28164 0.706695
3.28414 0.707239
3.28664 0.707784
3.28914 0.708331
3.29165 0.708879
3.29415 0.709429
3.29665 0.70998
3.29915 0.710532
3.30165 0.711085
3.30415 0.711639
3.30665 0.712194
3.30915 0.712749
3.31166 0.713306
3.31416 0.713863
3.31666 0.71442
3.31916 0.714978
3.32166 0.715536
3.32416 0.716094
3.32666 0.716652
3.32916 0.717211
3.33167 0.717769
3.33417 0.718327
3.33667 0.718885
3.33917 0.719442
3.34167 0.719999
3.34417 0.720555
3.34667 0.721111
3.34917 0.721666
3.35168 0.72222
3.35418 0.722773
3.35668 0.723325
3.35918 0.723875
3.36168 0.724425
3.36418 0.724973
3.36668 0.72552
3.36918 0.726065
3.37169 0.726609
3.37419 0.72715
3.37669 0.72769
3.37919 0.728228
3.38169 0.728764
3.38419 0.729298
3.38669 0.72983
3.38919 0.730359
3.3917 0.730886
3.3942 0.731411
3.3967 0.731933
3.3992 0.732452
3.4017 0.732968
3.4042 0.733482
3.4067 0.733992
3.4092 0.7345
3.41171 0.735004
3.41421 0.735505
3.41671 0.736003
3.41921 0.736497
3.42171 0.736987
3.42421 0.737474
3.42671 0.737957
3.42921 0.738437
3.43172 0.738912
3.43422 0.739383
3.43672 0.73985
3.43922 0.740313
3.44172 0.740772
3.44422 0.741226
3.44672 0.741676
3.44922 0.742121
3.45173 0.742561
3.45423 0.742996
3.45673 0.743427
3.45923 0.743853
3.46173 0.744273
3.46423 0.744688
3.46673 0.745098
3.46923 0.745503
3.47174 0.745902
3.47424 0.746295
3.47674 0.746683
3.47924 0.747065
3.48174 0.747441
3.48424 0.747811
3.48674 0.748175
3.48924 0.748533
3.49175 0.748885
3.49425 0.74923
3.49675 0.749569
3.49925 0.749902
3.50175 0.750227
3.50425 0.750546
3.50675 0.750859
3.50925 0.751164
3.51176 0.751463
3.51426 0.751756
3.51676 0.752041
3.51926 0.75232
3.52176 0.752593
3.52426 0.752859
3.52676 0.753118
3.52926 0.75337
3.53177 0.753616
3.53427 0.753856
3.53677 0.754088
3.53927 0.754314
3.54177 0.754534
3.54427 0.754746
3.54677 0.754953
3.54927 0.755152
3.55178 0.755345
3.55428 0.755532
3.55678 0.755711
3.55928 0.755885
3.56178 0.756051
3.56428 0.756211
3.56678 0.756365
3.56928 0.756512
3.57179 0.756652
3.57429 0.756786
3.57679 0.756913
3.57929 0.757034
3.58179 0.757148
3.58429 0.757256
3.58679 0.757357
3.58929 0.757451
3.5918 0.757539
3.5943 0.757621
3.5968 0.757696
3.5993 0.757764
3.6018 0.757826
3.6043 0.757881
3.6068 0.75793
3.6093 0.757973
3.61181 0.758009
3.61431 0.758038
3.61681 0.758061
3.61931 0.758077
3.62181 0.758087
3.62431 0.75809
3.62681 0.758087
3.62931 0.758078
3.63182 0.758062
3.63432 0.758039
3.63682 0.75801
3.63932 0.757975
3.64182 0.757933
3.64432 0.757885
3.64682 0.75783
3.64932 0.757769
3.65183 0.757701
3.65433 0.757627
3.65683 0.757546
3.65933 0.757459
3.66183 0.757366
3.66433 0.757266
3.66683 0.75716
3.66933 0.757047
3.67184 0.756928
3.67434 0.756803
3.67684 0.756671
3.67934 0.756533
3.68184 0.756388
3.68434 0.756237
3.68684 0.75608
3.68934 0.755916
3.69185 0.755746
3.69435 0.755569
3.69685 0.755386
3.69935 0.755197
3.70185 0.755001
3.70435 0.754799
3.70685 0.754591
3.70935 0.754376
3.71186 0.754155
3.71436 0.753928
3.71686 0.753694
3.71936 0.753454
3.72186 0.753207
3.72436 0.752955
3.72686 0.752695
3.72936 0.75243
3.73187 0.752158
3.73437 0.75188
3.73687 0.751596
3.73937 0.751305
3.74187 0.751008
3.74437 0.750705
3.74687 0.750396
3.74937 0.75008
3.75188 0.749758
3.75438 0.74943
3.75688 0.749095
3.75938 0.748755
3.76188 0.748408
3.76438 0.748056
3.76688 0.747697
3.76938 0.747334
3.77189 0.746964
3.77439 0.746589
3.77689 0.746208
3.77939 0.745822
3.78189 0.74543
3.78439 0.745034
3.78689 0.744632
3.78939 0.744225
3.7919 0.743813
3.7944 0.743396
3.7969 0.742974
3.7994 0.742548
3.8019 0.742117
3.8044 0.741681
3.8069 0.74124
3.8094 0.740796
3.81191 0.740346
3.81441 0.739893
3.81691 0.739435
3.81941 0.738973
3.82191 0.738508
3.82441 0.738038
3.82691 0.737564
3.82941 0.737087
3.83192 0.736605
3.83442 0.736121
3.83692 0.735632
3.83942 0.73514
3.84192 0.734645
3.84442 0.734146
3.84692 0.733644
3.84942 0.733139
3.85193 0.732631
3.85443 0.73212
3.85693 0.731606
3.85943 0.731089
3.86193 0.73057
3.86443 0.730047
3.86693 0.729523
3.86943 0.728995
3.87194 0.728465
3.87444 0.727933
3.87694 0.727399
3.87944 0.726862
3.88194 0.726323
3.88444 0.725783
3.88694 0.72524
3.88944 0.724695
3.89195 0.724149
3.89445 0.723601
3.89695 0.723051
3.89945 0.7225
3.90195 0.721947
3.90445 0.721393
3.90695 0.720838
3.90945 0.720281
3.91196 0.719723
3.91446 0.719165
3.91696 0.718605
3.91946 0.718044
3.92196 0.717483
3.92446 0.71692
3.92696 0.716357
3.92946 0.715794
3.93197 0.71523
3.93447 0.714666
3.93697 0.714101
3.93947 0.713536
3.94197 0.712971
3.94447 0.712405
3.94697 0.71184
3.94947 0.711275
3.95198 0.71071
3.95448 0.710145
3.95698 0.70958
3.95948 0.709016
3.96198 0.708453
3.96448 0.70789
3.96698 0.707327
3.96948 0.706765
3.97199 0.706204
3.97449 0.705644
3.97699 0.705085
3.97949 0.704527
3.98199 0.70397
3.98449 0.703414
3.98699 0.70286
3.98949 0.702307
3.992 0.701755
3.9945 0.701205
3.997 0.700656
3.9995 0.700109
4.002 0.699564
4.0045 0.699021
4.007 0.698479
4.0095 0.697939
4.01201 0.697401
4.01451 0.696864
4.01701 0.696329
4.01951 0.695796
4.02201 0.695264
4.02451 0.694734
4.02701 0.694205
4.02951 0.693678
4.03202 0.693152
4.03452 0.692627
4.03702 0.692104
4.03952 0.691583
4.04202 0.691063
4.04452 0.690544
4.04702 0.690026
4.04952 0.68951
4.05203 0.688995
4.05453 0.688481
4.05703 0.687969
4.05953 0.687458
4.06203 0.686947
4.06453 0.686438
4.06703 0.68593
4.06953 0.685424
4.07204 0.684918
4.07454 0.684413
4.07704 0.683909
4.07954 0.683406
4.08204 0.682904
4.08454 0.682404
4.08704 0.681903
4.08954 0.681404
4.09205 0.680906
4.09455 0.680408
4.09705 0.679912
4.09955 0.679416
4.10205 0.678921
4.10455 0.678426
4.10705 0.677932
4.10955 0.677439
4.11206 0.676947
4.11456 0.676455
4.11706 0.675963
4.11956 0.675473
4.12206 0.674982
4.12456 0.674493
4.12706 0.674003
4.12956 0.673515
4.13207 0.673026
4.13457 0.672538
4.13707 0.672051
4.13957 0.671563
4.14207 0.671077
4.14457 0.67059
4.14707 0.670104
4.14957 0.669618
4.15208 0.669132
4.15458 0.668646
4.15708 0.66816
4.15958 0.667675
4.16208 0.66719
4.16458 0.666705
4.16708 0.666219
4.16958 0.665734
4.17209 0.665249
4.17459 0.664764
4.17709 0.664279
4.17959 0.663794
4.18209 0.663309
4.18459 0.662823
4.18709 0.662338
4.18959 0.661852
4.1921 0.661366
4.1946 0.66088
4.1971 0.660393
4.1996 0.659907
4.2021 0.65942
4.2046 0.658932
4.2071 0.658445
4.2096 0.657957
4.21211 0.657468
4.21461 0.656979
4.21711 0.65649
4.21961 0.656
4.22211 0.65551
4.22461 0.655019
4.22711 0.654527
4.22961 0.654035
4.23212 0.653543
4.23462 0.653049
4.23712 0.652555
4.23962 0.652061
4.24212 0.651565
4.24462 0.651069
4.24712 0.650572
4.24962 0.650075
4.25213 0.649576
4.25463 0.649077
4.25713 0.648577
4.25963 0.648076
4.26213 0.647574
4.26463 0.647072
4.26713 0.646569
4.26963 0.646065
4.27214 0.645561
4.27464 0.645056
4.27714 0.644551
4.27964 0.644044
4.28214 0.643538
4.28464 0.643031
4.28714 0.642523
4.28964 0.642015
4.29215 0.641506
4.29465 0.640997
4.29715 0.640488
4.29965 0.639978
4.30215 0.639468
4.30465 0.638957
4.30715 0.638446
4.30965 0.637935
4.31216 0.637424
4.31466 0.636912
4.31716 0.6364
4.31966 0.635888
4.32216 0.635376
4.32466 0.634864
4.32716 0.634351
4.32966 0.633839
4.33217 0.633326
4.33467 0.632813
4.33717 0.632301
4.33967 0.631788
4.34217 0.631275
4.34467 0.630763
4.34717 0.63025
4.34967 0.629737
4.35218 0.629225
4.35468 0.628713
4.35718 0.628201
4.35968 0.627689
4.36218 0.627177
4.36468 0.626666
4.36718 0.626154
4.36968 0.625643
4.37219 0.625133
4.37469 0.624622
4.37719 0.624112
4.37969 0.623603
4.38219 0.623094
4.38469 0.622585
4.38719 0.622077
4.38969 0.621569
4.3922 0.621061
4.3947 0.620555
4.3972 0.620048
4.3997 0.619543
4.4022 0.619037
4.4047 0.618533
4.4072 0.618029
4.4097 0.617526
4.41221 0.617023
4.41471 0.616521
4.41721 0.61602
4.41971 0.61552
4.42221 0.61502
4.42471 0.614521
4.42721 0.614023
4.42971 0.613526
4.43222 0.61303
4.43472 0.612535
4.43722 0.61204
4.43972 0.611547
4.44222 0.611054
4.44472 0.610563
4.44722 0.610072
4.44972 0.609582
4.45223 0.609094
4.45473 0.608607
4.45723 0.60812
4.45973 0.607635
4.46223 0.607151
4.46473 0.606668
4.46723 0.606187
4.46973 0.605707
4.47224 0.605227
4.47474 0.60475
4.47724 0.604273
4.47974 0.603798
4.48224 0.603324
4.48474 0.602851
4.48724 0.60238
4.48974 0.601911
4.49225 0.601442
4.49475 0.600975
4.49725 0.60051
4.49975 0.600046
4.50225 0.599584
4.50475 0.599123
4.50725 0.598664
4.50975 0.598206
4.51226 0.597749
4.51476 0.597293
4.51726 0.596839
4.51976 0.596385
4.52226 0.595933
4.52476 0.595481
4.52726 0.595031
4.52976 0.594581
4.53227 0.594132
4.53477 0.593683
4.53727 0.593235
4.53977 0.592788
4.54227 0.592341
4.54477 0.591894
4.54727 0.591448
4.54977 0.591002
4.55228 0.590556
4.55478 0.590111
4.55728 0.589665
4.55978 0.589219
4.56228 0.588773
4.56478 0.588327
4.56728 0.587881
4.56978 0.587434
4.57229 0.586988
4.57479 0.58654
4.57729 0.586092
4.57979 0.585644
4.58229 0.585195
4.58479 0.584745
4.58729 0.584294
4.58979 0.583843
4.5923 0.58339
4.5948 0.582937
4.5973 0.582482
4.5998 0.582027
4.6023 0.58157
4.6048 0.581112
4.6073 0.580653
4.6098 0.580192
4.61231 0.579729
4.61481 0.579266
4.61731 0.5788
4.61981 0.578333
4.62231 0.577864
4.62481 0.577394
4.62731 0.576921
4.62981 0.576447
4.63232 0.57597
4.63482 0.575491
4.63732 0.575011
4.63982 0.574528
4.64232 0.574042
4.64482 0.573555
4.64732 0.573065
4.64982 0.572572
4.65233 0.572077
4.65483 0.571579
4.65733 0.571079
4.65983 0.570575
4.66233 0.570069
4.66483 0.56956
4.66733 0.569048
4.66983 0.568533
4.67234 0.568015
4.67484 0.567494
4.67734 0.566969
4.67984 0.566441
4.68234 0.56591
4.68484 0.565375
4.68734 0.564837
4.68984 0.564295
4.69235 0.563749
4.69485 0.5632
4.69735 0.562647
4.69985 0.56209
4.70235 0.561529
4.70485 0.560964
4.70735 0.560395
4.70985 0.559822
4.71236 0.559245
4.71486 0.558663
4.71736 0.558077
4.71986 0.557487
4.72236 0.556892
4.72486 0.556292
4.72736 0.555688
4.72986 0.55508
4.73237 0.554466
4.73487 0.553848
4.73737 0.553225
4.73987 0.552596
4.74237 0.551963
4.74487 0.551325
4.74737 0.550681
4.74987 0.550033
4.75238 0.549379
4.75488 0.548719
4.75738 0.548054
4.75988 0.547384
4.76238 0.546708
4.76488 0.546027
4.76738 0.54534
4.76988 0.544647
4.77239 0.543949
4.77489 0.543245
4.77739 0.542535
4.77989 0.541819
4.78239 0.541097
4.78489 0.54037
4.78739 0.539636
4.78989 0.538897
4.7924 0.538151
4.7949 0.537399
4.7974 0.536641
4.7999 0.535876
4.8024 0.535105
4.8049 0.534328
4.8074 0.533545
4.8099 0.532755
4.81241 0.531958
4.81491 0.531155
4.81741 0.530345
4.81991 0.529529
4.82241 0.528706
4.82491 0.527876
4.82741 0.52704
4.82991 0.526196
4.83242 0.525346
4.83492 0.524488
4.83742 0.523624
4.83992 0.522753
4.84242 0.521874
4.84492 0.520988
4.84742 0.520095
4.84992 0.519195
4.85243 0.518288
4.85493 0.517373
4.85743 0.516451
4.85993 0.515521
4.86243 0.514584
4.86493 0.513639
4.86743 0.512686
4.86993 0.511726
4.87244 0.510758
4.87494 0.509783
4.87744 0.508799
4.87994 0.507808
4.88244 0.506809
4.88494 0.505802
4.88744 0.504787
4.88994 0.503764
4.89245 0.502732
4.89495 0.501693
4.89745 0.500645
4.89995 0.499589
4.90245 0.498525
4.90495 0.497452
4.90745 0.496371
4.90995 0.495282
4.91246 0.494184
4.91496 0.493077
4.91746 0.491962
4.91996 0.490838
4.92246 0.489706
4.92496 0.488564
4.92746 0.487414
4.92996 0.486255
4.93247 0.485087
4.93497 0.48391
4.93747 0.482724
4.93997 0.481529
4.94247 0.480325
4.94497 0.479112
4.94747 0.477889
4.94997 0.476658
4.95248 0.475417
4.95498 0.474166
4.95748 0.472906
4.95998 0.471637
4.96248 0.470358
4.96498 0.46907
4.96748 0.467772
4.96998 0.466464
4.97249 0.465147
4.97499 0.46382
4.97749 0.462483
4.97999 0.461136
4.98249 0.459779
4.98499 0.458412
4.98749 0.457036
4.98999 0.455649
4.9925 0.454252
4.995 0.452845
4.9975 0.451428
5 0.45
