 119.0  795.8 26.20       3.16 2
 128.3  819.7 26.47       1.84 3
 137.3  531.7 26.53       0.10 2
 157.5  534.6 21.15       5.72 2
 158.5  659.5 27.60       0.57 1
 161.8  657.4 27.43       1.55 4
 166.7  383.5 25.12       0.94 4
 167.5  667.4 26.03       1.33 4
 175.8  277.1 23.66       1.81 3
 180.3  639.5 25.95       6.77 2
 182.7  869.8 21.31       0.94 1
 194.0  852.0 24.25       1.11 3
 195.7  341.8 26.53       1.87 4
 200.1  837.0 27.18       2.06 4
 207.2  606.9 23.87       5.60 2
 220.3  351.2 25.33       1.20 4
 224.7  514.1 26.88       1.42 4
 235.7  517.2 25.23       2.55 2
 236.0  919.0 22.54       4.15 4
 238.1  673.9 26.74       1.21 4
 244.3  842.9 25.61       0.92 4
 249.6  680.1 27.29       0.41 2
 250.2  524.9 25.28       1.33 4
 251.2  400.8 24.01       1.53 2
 254.6  488.6 25.93       0.21 3
 259.8  632.4 24.69       1.15 2
 265.2  718.2 26.59       0.12 3
 265.9  964.6 26.26       4.09 2
 269.6  415.2 25.64       4.70 2
 271.8  458.8 25.07       0.38 3
 273.1  801.8 25.19       2.55 4
 280.0  819.4 27.32       0.0011 2
 281.3  640.9 28.42       3.89 2
 283.5  375.7 23.66       0.44 4
 284.1  516.3 27.48       6.41 2
 286.9  391.8 25.11       1.28 2
 290.1  484.0 27.22       5.28 2
 290.2  563.6 24.31       0.60 3
 292.0  436.0 24.68       1.09 4
 300.3  955.3 26.30       4.69 2
 302.5  655.3 27.35       0.85 2
 311.4  775.0 26.84       2.78 2
 312.7  291.2 25.35       1.42 4
 317.1  817.8 23.44       0.89 4
 318.0  855.0 25.36       0.23 3
 322.6  482.5 26.09       1.90 2
 323.0  955.8 24.88       1.21 4
 329.5  931.2 27.45       4.89 2
 332.6  665.2 27.45       6.26 2
 336.0  864.0 25.45       3.52 2
 338.0  613.0 26.38       1.06 4
 339.0  880.0 24.95       1.04 2
 339.5  937.1 27.34       1.00 4
 341.6  913.8 24.98       0.71 4
 343.8  957.3 25.70       2.77 2
 353.0  444.6 23.14       1.39 3
 358.1  678.4 26.98       1.03 2
 359.2  857.4 27.62       4.91 2
 360.1  412.6 25.45       1.39 3
 360.8  786.2 28.71       0.22 3
 360.5  791.0 28.42       3.40 3
 361.5  653.1 27.09       0.98 4
 363.4  904.3 26.94       0.96 4
 365.7  696.1 23.30       0.40 3
 366.8  315.2 25.12       1.90 2
 367.4  788.2 26.05       1.55 2
 370.7  360.2 27.11       0.82 2
 371.1  582.3 24.76       1.35 4
 371.6  892.8 24.09       3.27 4
 372.8  650.8 25.95       0.45 2
 372.8  802.4 27.18       1.45 4
 372.8  967.3 27.02       0.07 2
 374.1  307.9 24.77       1.39 4
 375.4  382.5 26.20       0.69 4
 379.7  649.1 26.38       1.25 4
 380.0 1027.7 21.71       0.99 3
 381.8  481.4 21.70       0.60 2
 390.6  902.2 27.59       1.49 3
 393.3  754.9 26.79       1.19 2
 394.9  991.0 23.97       1.40 4
 398.0  695.0 27.74       2.55 2
 398.5  691.5 29.10       0.59 2
 400.4  447.8 28.23       0.06 3
 402.6  377.0 26.41       0.85 2
 408.8  729.0 26.64       0.36 2
 409.0 1022.7 26.42       0.57 2
 412.0  957.6 26.47       0.06 2
 414.2  393.3 25.83       0.001 3
 415.9  771.6 24.76       1.11 4
 417.3  731.7 24.79       0.41 4
 419.4  572.2 21.66       1.01 3
 426.1  706.1 27.25       2.19 4
 427.8  981.3 27.26       1.75 2
 432.1  343.0 25.42       0.75 3
 435.5  802.0 19.74       0.43 1
 435.6 1036.6 26.58       2.18 4
 440.3  353.4 24.48       2.32 2
 444.6  378.5 26.43       0.001 3
 446.5  906.9 27.43       1.01 4
 453.9  722.6 26.89       1.22 4
 454.8  653.9 26.44       1.61 3
 455.0  831.8 23.22       3.58 2
 457.6  605.6 26.83       0.001 2
 458.2  597.3 27.13       4.22 4
 464.5  520.5 26.64       2.33 2
 464.7  709.8 27.44       1.55 2
 465.6 1037.9 25.59       1.89 4
 471.4  776.9 23.74       2.13 2
 471.8  942.0 27.79       5.13 1
 472.1  850.8 24.42       1.89 4
 478.8  287.6 27.24       1.65 2
 481.9 1007.0 26.69       5.67 2
 485.4  278.5 26.71       4.37 2
 485.4 1053.9 24.76       1.33 4
 487.3  265.6 25.14       3.96 2
 487.4  476.5 25.68       0.10 3
 489.8  939.5 23.39       0.49 3
 494.0 1050.8 26.35       0.001 2
 495.2  294.9 24.88       0.39 4
 495.6  701.4 27.10       0.82 2
 498.7  771.7 24.52       3.99 2
 498.6  826.3 24.96       2.30 3
 499.6 1093.7 25.36       1.42 3
 501.7  899.7 23.91       2.39 4
 501.8 1049.3 28.16       0.001 2
 504.4  586.3 26.41       0.31 2
 506.0 1048.5 28.06       7.72 2
 506.5  571.4 27.38       2.78 2
 507.4  451.4 23.18       1.65 3
 509.4  730.8 26.49       1.05 4
 511.7  744.7 26.79       0.001 2
 514.2  799.9 27.66       3.65 2
 514.7 1062.1 23.00       0.83 4
 517.0  641.7 26.96       1.28 4
 519.2  462.2 28.25       0.07 2
 522.9  517.3 28.14       1.76 2
 524.4  937.8 25.20       2.83 4
 524.5 1052.9 23.83       1.42 4
 525.9  527.5 26.90       1.90 2
 525.6  912.6 27.28       1.04 2
 527.9  274.3 25.33       1.18 2
 530.9  428.7 27.59       1.77 2
 530.2  562.5 26.64       5.24 2
 534.7  411.3 27.90       0.41 2
 535.2  705.7 25.20       0.11 4
 535.8  925.4 27.33       2.73 2
 539.7  504.5 24.52       0.94 4
 539.8 1014.9 27.04       1.84 3
 539.7 1050.5 25.49       1.38 4
 544.1  360.7 27.48       1.76 3
 547.5  576.0 26.33       0.64 3
 548.3  548.3 27.53       0.09 2
 551.4  441.7 26.47       0.89 4
 555.1  764.7 27.88       1.41 4
 564.0  817.4 27.91       6.20 2
 565.3  941.0 25.00       2.33 2
 566.5  646.7 27.34       1.39 4
 567.7  987.1 26.96       0.42 2
 568.1  677.2 27.70       2.55 4
 569.6  355.7 26.70       0.24 2
 571.4  292.4 26.59       3.55 3
 575.0  723.5 26.23       2.55 2
 576.5  419.4 26.51       0.59 2
 577.3  608.1 27.44       3.26 2
 581.8  922.7 26.09       1.11 4
 584.5  416.2 27.58       0.05 2
 586.9  724.7 27.48       0.001 2
 587.3  712.1 27.39       2.17 2
 589.7  772.5 26.31       3.47 3
 590.3  389.0 28.25      10.70 2
 592.7  672.2 27.68       1.93 2
 594.1  754.6 26.77       1.09 4
 595.5  430.3 25.53       0.98 3
 596.8 1002.5 23.59       1.93 2
 598.2  957.8 25.27       1.82 4
 599.0  770.0 25.53       3.36 3
 599.2 1063.5 24.60       3.05 2
 600.7  532.1 23.97       1.06 4
 605.7  952.3 28.14      10.47 2
 607.1  767.5 23.01       0.51 3
 608.3  372.6 21.76       1.36 1
 609.2  690.4 24.48       0.001 2
 609.3 1057.0 28.22      10.05 2
 621.6  694.8 27.80       5.85 2
 621.5  813.8 27.71       1.90 2
 626.6  969.6 25.42       0.56 4
 627.5 1118.0 24.39       1.50 2
 631.3  424.3 27.47       2.52 4
 632.0 1063.6 25.74       1.68 2
 633.0  916.6 25.32       2.53 4
 634.4  519.8 23.90       0.26 1
 634.5  707.8 27.36       2.98 2
 637.2  286.8 26.52       2.78 2
 637.8  746.8 28.00       0.001 2
 639.7  976.8 27.65       0.001 3
 640.1  880.1 27.11       0.001 2
 643.4  621.8 26.10       1.19 4
 644.0  943.5 24.85       2.05 3
 645.0  340.1 25.11       1.19 2
 647.9  899.3 23.70       2.01 1
 648.6  382.3 23.73       2.27 4
 648.2  814.8 24.47       1.12 2
 650.7  974.1 27.72       1.06 3
 651.3  392.9 24.66       2.58 2
 652.6  979.5 27.32       1.21 2
 653.0  709.4 27.45       1.62 2
 657.6  734.8 26.16       2.32 2
 666.1  501.2 25.60       0.41 2
 669.2  740.9 25.68       1.27 4
 670.4  656.0 26.11       0.90 2
 671.7  796.6 28.22       0.41 2
 672.9  763.8 25.05       2.33 2
 677.9  860.0 28.71       0.001 3
 679.0  752.5 27.36       0.64 3
 680.6  833.0 27.12       0.16 2
 682.7  604.3 27.65       0.77 4
 684.2  614.9 26.29       1.42 2
 684.1  907.3 26.51       2.64 4
 684.7 1002.3 27.18       0.35 3
 688.2  882.6 28.05       4.43 3
 690.3  876.8 29.25       3.88 2
 696.9  430.9 25.55       1.37 4
 698.3  294.1 24.59       1.37 4
 698.4  568.7 27.14       3.13 4
 698.3  596.1 27.35       1.75 4
 700.0  716.7 27.54       1.90 2
 700.1  612.1 25.18       0.26 4
 704.8  942.2 26.66       1.68 2
 706.1  371.3 27.05       3.99 2
 706.3 1082.6 23.78       0.27 1
 708.6  695.5 22.27       0.66 4
 709.2  659.8 27.68       6.20 2
 710.2  463.8 26.95       1.38 2
 711.9  630.2 27.56       1.42 4
 718.8  539.4 27.16       0.001 2
 720.5 1106.3 25.15       2.04 4
 728.0  632.2 28.33       2.73 2
 727.7  919.2 25.99       3.87 2
 730.3  628.3 29.05       0.63 1
 733.1  710.0 27.52       0.12 2
 734.4  517.7 26.96       0.02 2
 735.3  451.4 27.89       1.47 4
 736.4  630.9 27.37       3.98 4
 737.6  648.4 27.78       0.06 2
 738.8  373.9 27.08       0.001 2
 739.2  503.1 27.12       4.39 2
 739.2  714.0 28.95      10.51 2
 740.2  757.3 26.44       3.29 2
 743.0  372.5 27.17       2.20 2
 743.3  490.6 25.95       2.88 4
 745.1  624.7 26.92       0.001 2
 745.7 1018.1 27.26       1.90 2
 749.5  942.8 25.11       1.77 3
 751.6  337.8 25.74       1.40 2
 756.7  667.3 27.50       0.001 2
 758.7  947.6 27.44       0.06 3
 759.8  830.6 18.31       0.03 1
 764.3  864.4 20.97       0.17 2
 770.8 1074.5 25.02       1.48 4
 774.7  660.5 28.06       3.65 2
 777.4  618.7 26.90       2.83 2
 779.1  955.3 26.26       0.62 4
 784.8  355.9 26.48       3.11 2
 784.6  511.5 25.48       2.56 2
 785.6  915.7 25.90       1.80 2
 786.2  619.4 26.01       1.65 2
 788.9  951.8 27.83       0.16 2
 789.7  503.7 26.92       1.97 2
 790.2  934.1 24.02       1.08 4
 792.7 1032.2 25.14       3.60 3
 794.4  648.2 27.32       1.89 2
 797.5  491.4 27.86       0.05 2
 801.3  926.3 25.30       2.68 4
 804.7  625.7 26.44       4.69 4
 811.6  314.5 25.38       1.40 4
 817.5  885.1 26.82       1.15 2
 820.1  718.4 27.27       1.62 2
 832.0  723.0 26.81       2.29 2
 836.6  787.4 27.19       4.09 2
 836.3 1023.2 22.26       1.37 3
 837.6 1087.9 26.41       1.09 3
 838.7  475.3 24.83       1.90 2
 841.1 1043.4 25.11       0.74 2
 843.6  593.7 27.25       1.08 4
 843.8  699.2 27.42       7.98 2
 843.2 1086.4 27.63       0.11 2
 844.4  580.1 25.00       1.75 2
 850.2  465.8 26.97       1.58 3
 852.4 1084.8 24.93       1.88 2
 853.3  715.9 26.19       0.31 1
 854.6  606.6 23.81       1.37 4
 854.2  729.7 27.13       1.72 3
 856.8  828.8 24.54       0.36 3
 856.9  872.4 24.70       1.72 2
 858.6  848.3 24.49       3.59 4
 861.2  885.6 23.63       0.59 3
 864.6  809.0 25.60       1.89 4
 867.8  937.9 24.46       0.60 3
 870.4  866.1 24.51       2.32 4
 874.5  892.9 25.49       3.70 2
 878.2  969.7 27.63       1.77 2
 883.8  553.1 26.92       5.52 2
 885.3  720.4 25.86       3.08 1
 885.6 1025.8 24.45       1.18 4
 886.0  882.6 25.51       1.90 2
 888.0  612.2 22.58       1.33 4
 891.0  961.1 23.92       2.39 4
 891.1  975.9 26.90       1.88 2
 893.2  679.4 26.82       2.82 2
 897.3  853.3 26.67       0.06 2
 899.1  591.0 25.61       2.55 4
 903.5  810.9 23.21       0.74 4
 910.0  465.9 26.25       4.75 4
 913.2  471.2 26.74       4.32 2
 914.1  620.0 26.48       3.18 4
 923.3  445.0 26.30       3.46 3
 923.5  593.0 27.08       1.67 3
 923.0  718.0 25.99       0.78 3
 928.1  681.8 26.13       2.37 4
 932.3  767.5 26.03       1.47 4
 933.1  615.5 27.08       3.44 3
 935.6  660.8 27.42      10.56 2
 940.5  664.0 26.52       1.02 3
 446.2  431.2 18.13       0.00001 5
 277.7  903.9 17.20       0.00001 5
 277.8  599.2 18.39       0.00001 5
 774.2  562.1 19.46       0.00001 5
