295.449  5.758  27.027
426.645  5.460  27.411
499.692  6.527  27.231
346.665  7.591  27.403
337.475  9.181  26.834
605.854  9.211  27.458
219.818  10.095  23.343
535.150  11.572  27.793
333.687  12.236  26.883
578.481  12.530  27.001
748.504  11.880  26.937
790.827  11.526  27.360
12.783  13.597  26.898
234.578  13.040  25.964
840.323  12.839  22.690
549.786  14.052  27.587
687.147  13.839  25.686
107.158  15.224  26.792
420.208  14.710  27.020
811.216  14.557  24.695
834.265  14.512  26.306
842.548  14.481  22.753
570.666  15.668  25.831
717.507  15.503  25.118
235.899  16.628  25.686
823.057  16.540  27.167
453.246  18.283  26.229
735.984  18.072  26.876
760.373  17.840  23.382
267.868  18.516  27.250
344.113  19.152  27.836
336.953  20.047  27.458
403.942  21.078  25.614
477.100  20.744  27.025
718.776  21.373  26.915
868.796  21.221  27.552
609.762  22.381  25.440
713.477  22.796  26.541
874.270  23.455  25.871
108.825  23.481  27.246
420.104  23.977  24.589
821.134  24.654  25.102
894.485  23.517  26.735
687.753  25.173  27.301
908.719  25.217  25.377
35.986  26.499  24.938
46.344  25.748  27.282
93.814  25.915  26.526
513.758  26.532  27.250
618.597  26.480  27.590
846.307  25.571  24.422
557.646  26.736  24.034
597.398  27.004  24.910
655.091  28.234  24.135
701.041  28.545  26.631
750.711  27.669  25.870
785.730  28.536  26.973
819.614  28.312  25.050
412.941  29.275  28.129
449.242  29.530  24.450
469.265  28.550  25.116
383.952  29.848  22.816
537.117  30.132  27.703
628.518  29.839  26.192
99.375  31.082  27.310
295.448  30.946  27.464
836.987  30.501  27.266
232.668  31.551  27.203
17.127  33.211  26.125
558.894  32.535  26.936
732.481  32.889  26.212
718.782  34.076  27.456
34.522  35.553  26.927
694.083  34.656  24.085
320.034  35.954  24.108
564.778  36.437  26.812
873.750  35.372  24.851
18.722  36.453  26.373
107.981  36.729  28.160
233.641  37.326  27.597
510.814  37.838  23.422
537.509  38.440  27.278
821.007  38.434  24.897
459.008  38.688  27.871
436.383  40.259  24.447
538.853  39.444  27.217
549.515  40.308  27.855
757.920  40.840  26.567
789.211  41.039  26.597
191.291  42.020  24.611
895.885  42.328  27.330
177.441  42.864  27.348
784.771  43.556  26.658
796.124  43.342  26.843
698.928  43.891  27.680
787.752  43.861  26.309
864.660  43.713  26.184
561.457  45.219  26.693
688.065  45.123  27.838
822.389  45.339  27.447
124.473  46.157  27.518
449.069  45.967  25.475
812.617  46.126  25.834
899.724  46.143  26.321
372.744  46.673  27.465
870.683  46.902  26.483
352.118  47.907  26.909
484.564  47.920  27.368
834.400  48.320  23.720
848.547  47.396  27.196
866.633  47.946  25.793
5.076  49.519  25.192
35.583  48.791  27.325
114.304  49.499  22.907
180.888  48.584  26.262
272.919  49.310  27.534
492.980  48.994  25.560
667.853  49.502  26.414
910.568  49.019  26.966
167.600  49.671  27.777
330.594  49.753  27.420
878.438  49.881  26.720
342.449  50.563  26.071
682.992  50.706  26.866
687.049  50.960  26.663
201.584  52.151  24.791
519.479  52.112  26.341
622.256  52.283  27.585
294.048  52.539  26.877
439.274  52.798  26.211
715.232  53.153  26.767
229.387  54.310  26.400
842.550  53.779  26.711
656.054  54.792  23.907
726.539  54.905  24.860
335.071  57.588  27.076
69.545  58.185  26.168
664.969  58.196  26.976
845.634  57.936  25.612
387.279  59.045  25.508
261.842  59.874  25.909
295.567  60.111  27.306
855.642  60.210  27.678
538.219  60.338  27.323
569.729  60.965  26.632
598.642  61.500  25.639
42.487  61.570  25.193
473.163  62.153  25.736
694.210  62.164  26.429
633.440  63.071  25.775
781.509  62.830  26.761
659.978  63.705  27.290
699.133  63.770  26.435
772.350  63.515  26.677
895.351  63.804  27.429
253.552  65.260  26.312
491.759  64.876  26.697
263.720  66.179  26.402
268.595  65.932  27.328
366.937  66.167  26.548
588.723  66.052  26.870
184.041  66.986  26.347
260.133  66.527  26.535
484.635  66.855  27.800
497.841  66.757  26.427
531.994  67.151  25.555
714.667  67.027  24.063
576.447  67.501  27.165
734.460  68.660  26.724
249.928  69.162  27.273
600.986  69.189  25.381
727.180  68.883  27.858
795.877  68.661  26.026
276.570  69.569  25.425
637.872  72.310  25.960
841.000  72.015  27.918
584.302  72.402  26.378
372.195  73.593  24.969
407.895  74.386  27.161
645.806  74.257  27.130
699.456  73.788  27.694
758.737  74.079  26.690
64.986  76.068  27.618
118.779  76.352  25.806
237.290  76.065  26.603
763.371  76.310  27.005
832.139  75.861  26.988
302.921  77.476  25.918
479.614  76.423  25.262
267.714  78.717  26.494
861.679  79.492  27.581
491.696  79.690  27.693
635.264  80.121  25.592
44.529  80.775  23.853
179.056  80.607  25.011
456.439  81.336  26.822
891.553  80.765  25.183
216.329  81.707  27.057
401.306  81.575  27.495
621.153  82.186  27.160
67.079  83.163  24.675
361.041  83.335  26.704
91.947  84.253  26.538
125.033  84.013  24.140
528.418  83.386  26.774
719.770  83.861  27.040
580.423  85.327  25.756
806.215  84.679  26.579
136.484  86.460  25.957
518.519  85.568  27.862
554.854  86.229  27.114
739.138  85.940  27.459
690.879  87.177  27.161
709.742  86.940  27.274
761.555  86.763  26.881
868.512  87.400  27.324
368.747  88.394  26.907
414.758  88.666  26.502
461.726  89.203  27.203
471.615  89.296  26.259
230.918  91.238  26.189
335.559  91.296  26.756
549.734  91.031  27.531
627.711  91.227  24.741
292.212  92.141  27.176
385.181  92.212  25.897
705.315  91.886  27.339
467.861  93.046  24.662
489.715  93.008  27.920
46.073  93.756  27.496
128.414  93.950  26.221
157.450  93.535  27.254
225.513  94.711  26.058
668.679  96.038  27.335
695.638  95.951  26.941
385.628  96.727  25.458
715.956  96.720  27.023
529.534  100.014  27.609
653.128  101.488  26.937
38.463  101.951  27.329
150.975  102.274  26.683
220.910  102.468  24.642
804.231  102.473  26.155
214.000  102.970  26.838
355.172  102.866  24.801
880.640  102.516  27.636
246.094  105.148  25.243
604.365  104.796  27.016
657.961  105.456  26.538
804.042  105.037  26.160
854.816  105.374  23.169
645.493  106.627  27.070
80.082  106.802  27.627
422.173  106.813  27.946
650.990  107.334  27.566
636.075  107.854  27.003
257.605  109.055  25.851
316.088  109.603  27.722
550.759  109.036  26.377
590.635  108.667  25.477
26.787  109.853  27.038
293.194  109.976  27.111
347.279  109.729  26.945
814.564  109.377  24.532
92.857  111.194  27.204
99.440  111.088  26.559
162.777  111.554  26.924
261.816  112.423  27.035
360.680  111.715  25.673
503.491  112.272  25.109
744.631  111.844  28.957
770.960  112.124  23.914
498.349  113.110  26.355
764.918  112.471  26.419
656.979  114.436  24.187
912.757  114.518  25.564
424.272  115.029  26.493
733.630  114.789  27.011
824.227  115.292  27.766
330.996  116.896  27.646
589.395  117.141  24.242
194.060  118.111  26.852
504.089  118.141  23.793
527.747  117.638  26.880
6.181  118.591  26.097
102.231  118.660  28.399
131.189  118.845  26.654
341.820  118.915  25.175
766.803  119.081  26.212
140.824  119.878  27.888
856.861  120.484  21.305
565.994  121.361  27.405
785.630  121.280  26.315
291.049  123.200  25.771
557.254  123.365  27.351
839.991  122.773  26.228
281.181  123.959  22.678
54.178  124.984  27.637
317.343  125.158  24.295
324.962  125.110  26.374
630.020  124.794  25.394
85.804  125.886  26.643
342.268  125.471  26.942
421.536  125.672  25.644
802.193  126.053  26.942
44.589  126.901  26.825
515.878  127.163  26.490
176.743  129.566  25.528
591.067  129.474  26.827
763.531  128.349  25.031
115.449  130.550  22.725
333.019  129.903  27.301
531.167  130.045  25.542
556.404  130.128  26.392
772.230  130.222  26.080
892.916  130.239  24.109
203.156  131.284  26.186
276.605  131.099  26.602
774.673  131.093  26.011
706.007  131.653  25.652
585.793  132.410  24.313
655.649  133.188  26.469
737.477  133.437  25.374
899.156  132.889  27.023
410.767  134.389  26.860
506.455  133.701  22.714
811.953  134.371  26.013
611.934  134.592  27.549
725.744  134.878  25.234
241.699  136.453  22.958
228.599  137.090  23.478
256.037  136.417  26.717
853.061  136.979  27.128
89.118  138.162  22.574
238.256  138.363  22.513
305.394  137.794  25.149
443.153  137.850  27.338
668.426  137.834  27.534
22.340  139.202  24.571
151.053  138.673  26.600
412.689  138.804  26.621
687.948  139.101  27.007
722.941  139.821  25.229
813.466  140.069  26.745
61.827  141.509  25.749
142.539  140.605  26.517
367.482  141.171  22.414
124.534  143.383  25.433
309.650  142.025  26.584
504.246  142.021  23.386
786.204  142.173  27.500
905.489  142.090  26.379
634.437  143.124  26.219
819.135  142.505  27.113
901.533  142.644  26.187
494.742  144.135  24.704
777.933  143.663  26.613
872.917  143.797  27.084
200.719  145.030  27.985
488.048  146.226  25.620
738.157  145.607  27.254
862.893  145.878  26.022
659.844  147.125  27.187
318.422  147.704  27.001
533.704  148.119  27.675
699.528  147.413  24.360
722.384  148.374  23.340
179.112  149.051  26.694
187.069  148.941  27.482
453.262  150.059  27.043
604.556  149.667  27.055
706.055  149.962  27.880
865.204  150.269  27.014
466.143  150.808  25.315
503.811  153.127  19.538
630.516  153.422  26.050
653.727  153.886  26.196
885.506  154.775  25.473
74.535  155.674  25.614
247.018  156.268  27.166
427.874  155.743  26.956
503.073  153.877  19.510
764.153  155.679  24.742
787.081  156.538  27.155
534.928  156.962  26.793
71.189  158.262  26.003
288.793  158.035  26.343
700.255  158.166  27.133
911.486  159.221  24.436
12.388  159.461  25.656
213.804  159.735  22.413
535.640  160.004  26.629
679.725  160.157  24.260
727.843  160.332  27.157
823.272  159.913  25.358
854.976  159.899  27.447
379.998  160.501  27.341
758.451  161.209  24.293
123.422  161.855  26.464
397.757  162.266  26.922
582.266  162.168  21.483
895.447  162.468  27.206
61.204  163.234  26.009
826.634  162.652  26.132
150.944  163.976  26.430
451.009  164.527  26.506
486.035  163.847  25.684
519.145  164.126  22.861
810.252  163.555  21.471
99.864  165.393  22.838
145.310  164.711  27.685
261.112  165.070  26.843
429.013  164.456  27.325
549.219  164.630  25.393
845.567  165.543  27.238
174.275  166.487  24.601
385.880  166.796  26.538
455.164  166.680  26.269
78.836  169.143  24.141
86.767  168.293  21.397
893.075  168.187  26.620
637.503  168.782  25.893
659.930  168.806  27.739
740.737  169.554  26.270
827.335  168.761  26.522
116.485  169.543  24.106
234.354  169.419  26.916
363.970  170.079  26.565
410.702  170.509  27.121
587.066  169.953  26.806
594.394  170.634  26.686
620.158  170.556  25.464
771.353  170.486  26.175
64.273  171.472  23.686
267.334  172.321  26.004
347.260  171.462  26.492
582.000  171.865  26.420
33.729  172.485  26.687
91.056  173.198  19.353
798.806  172.777  26.699
471.588  173.472  27.090
600.358  174.472  23.868
610.463  173.851  26.368
684.576  173.561  27.244
354.481  175.393  24.402
624.828  174.679  27.315
760.084  174.448  27.011
68.963  175.387  26.310
331.275  175.485  27.500
426.584  176.005  23.578
449.676  175.561  27.816
249.108  176.881  26.505
769.339  176.559  27.124
851.884  177.401  26.287
532.821  177.612  26.887
579.770  177.960  26.637
911.319  177.498  23.284
877.519  179.488  25.491
227.885  180.021  27.093
586.252  182.259  26.374
236.913  183.012  27.261
375.493  183.641  27.273
573.956  182.580  22.647
622.503  182.420  27.406
291.517  184.582  26.681
587.341  183.784  26.512
717.692  184.139  26.065
679.333  185.453  26.908
175.480  186.019  27.137
709.902  186.341  27.939
721.854  186.131  26.053
809.079  185.967  26.974
68.272  187.207  25.854
418.975  187.302  24.818
446.013  187.303  27.804
140.487  187.799  25.174
619.437  187.486  26.875
868.356  188.179  24.199
310.214  188.660  26.955
564.183  189.074  27.215
682.627  189.486  27.037
841.282  189.103  27.566
117.427  189.933  25.976
278.442  189.430  26.296
469.725  189.331  26.418
579.616  190.241  26.775
372.729  191.402  26.679
702.192  190.656  26.982
720.252  191.941  27.565
169.103  193.441  26.165
459.111  193.478  27.326
99.249  194.446  25.587
714.478  194.044  27.492
807.553  193.756  27.017
812.008  193.430  26.336
874.890  193.965  24.991
75.887  194.957  26.076
437.685  195.291  27.422
117.042  196.418  25.256
483.186  195.651  27.086
772.504  195.453  25.362
820.680  197.342  23.702
838.050  197.684  25.790
861.672  197.592  26.742
356.661  199.094  26.750
73.987  200.951  26.487
713.541  200.983  24.358
429.789  202.054  27.031
583.231  201.981  25.979
40.206  203.345  27.614
54.006  202.800  27.421
706.281  203.093  26.866
627.857  204.457  27.315
491.021  204.387  26.552
510.978  204.953  26.339
642.497  205.107  24.438
227.139  205.819  24.914
720.341  206.296  26.253
371.206  207.395  27.708
747.383  206.517  24.903
854.096  206.875  24.611
420.041  208.406  24.541
610.123  208.085  27.399
726.166  208.499  24.017
440.021  209.105  23.062
714.485  208.671  25.788
567.471  209.915  27.721
681.630  209.527  27.248
688.481  209.907  27.044
801.333  209.735  24.344
156.668  212.035  23.617
624.272  212.283  24.984
264.430  213.024  26.540
411.182  212.983  25.912
532.433  213.174  24.986
633.423  213.070  25.735
457.941  213.805  25.412
104.437  214.462  25.091
109.544  215.131  26.512
606.263  214.559  26.600
640.409  214.877  25.912
766.664  214.491  27.148
81.580  216.391  26.349
148.381  216.429  27.250
392.794  216.416  27.230
728.694  215.999  26.702
245.035  216.717  27.247
633.990  217.345  25.799
877.989  217.366  24.564
72.959  217.817  28.168
378.401  218.073  26.530
512.347  218.239  26.795
539.039  217.915  26.655
884.220  218.541  26.311
133.675  219.072  26.569
154.395  221.221  25.278
307.540  220.328  25.118
401.854  219.673  27.781
756.940  219.629  27.408
158.392  221.456  26.172
811.588  221.310  26.981
879.272  221.038  24.977
79.737  221.606  26.697
387.070  222.105  24.179
612.378  221.938  26.716
639.122  221.781  25.459
763.704  222.124  26.765
645.470  224.462  24.485
655.277  223.731  26.397
377.591  224.872  27.320
152.681  225.875  23.652
844.778  226.562  25.770
337.430  226.999  26.404
569.897  227.077  23.076
697.286  227.639  26.889
490.729  228.380  25.349
197.007  229.716  26.242
457.256  229.515  26.337
783.302  230.142  27.442
253.786  230.860  27.464
285.014  230.899  24.168
509.651  231.322  26.969
703.115  230.881  27.215
858.886  231.324  26.966
38.781  232.461  26.218
390.019  232.078  27.661
865.371  231.857  24.090
133.036  233.337  27.518
220.830  232.748  24.986
522.564  232.494  26.675
645.182  234.552  26.808
329.928  234.953  27.488
601.604  234.667  24.869
881.604  235.081  23.999
903.981  234.785  27.181
655.109  236.288  26.958
873.250  236.041  27.465
27.978  237.005  26.453
465.797  237.337  27.773
574.216  237.318  25.704
833.898  238.244  25.238
910.832  237.328  26.472
313.354  238.000  24.361
432.396  237.651  27.334
455.226  238.228  26.000
572.518  237.942  25.723
892.446  237.453  25.869
444.346  239.040  27.114
749.896  239.549  25.567
860.939  239.051  27.085
415.545  240.286  27.340
476.019  239.442  26.551
608.511  240.498  26.482
387.619  241.346  24.774
832.322  240.156  25.694
836.982  240.601  24.895
901.271  241.196  24.505
223.464  242.318  26.640
232.774  243.599  27.701
273.410  242.768  27.618
556.094  242.811  26.701
883.100  242.902  21.625
888.603  242.910  24.065
133.920  244.298  26.192
827.714  244.205  26.886
205.632  245.396  26.876
298.449  245.062  23.726
482.466  245.520  23.974
599.256  244.816  27.100
820.942  245.187  26.816
373.798  246.585  25.079
528.827  245.608  27.600
554.420  245.701  26.769
11.360  247.065  26.049
265.361  247.417  27.296
568.929  246.396  27.113
603.428  247.000  25.891
762.329  247.462  27.139
889.005  247.042  25.535
91.892  250.583  25.474
544.188  248.925  26.794
732.936  248.624  27.858
800.966  249.017  25.193
106.685  250.605  25.321
260.535  250.468  25.185
680.081  249.729  27.673
745.961  250.031  26.987
847.972  250.172  26.858
626.315  250.773  27.066
657.347  251.466  25.121
740.116  251.236  27.128
858.649  251.521  27.937
61.664  252.031  27.996
93.958  251.709  25.467
410.115  252.147  24.906
536.991  252.383  26.254
769.367  252.244  27.370
67.895  253.028  26.282
135.726  252.932  27.258
196.436  252.795  25.605
761.190  253.125  25.828
223.889  254.116  26.979
785.685  254.253  26.604
204.427  255.553  27.976
585.412  255.028  27.199
612.182  255.169  26.334
882.844  255.024  27.483
431.752  255.915  26.957
810.761  256.491  27.748
753.181  256.822  27.090
722.719  257.949  24.491
418.814  258.989  22.127
551.719  259.193  27.779
16.986  259.592  27.798
253.984  260.399  25.201
696.949  261.396  26.960
65.979  262.123  27.409
764.196  262.121  26.978
490.633  262.595  26.961
591.268  263.447  24.953
620.266  262.546  23.405
638.675  263.039  27.455
652.816  263.363  27.009
46.773  264.344  26.950
122.664  264.009  25.023
402.640  263.596  27.987
438.582  264.034  23.552
755.039  263.770  24.148
903.967  264.201  27.210
555.446  264.654  27.371
897.743  265.084  27.859
282.792  265.859  26.304
672.301  266.148  26.243
711.405  267.020  26.209
820.715  265.423  27.082
855.955  265.852  23.324
260.156  267.031  26.959
761.589  267.434  26.401
79.753  268.122  27.477
191.305  268.542  26.283
636.237  269.189  27.505
734.330  268.456  27.500
759.397  268.865  26.304
318.177  270.081  23.258
26.836  271.078  22.573
28.689  271.201  22.570
49.725  270.902  23.644
212.060  270.502  23.831
537.286  270.740  26.208
748.596  270.394  25.514
306.969  273.146  25.890
432.646  273.242  27.006
568.927  273.232  25.038
667.895  273.447  26.800
742.871  273.481  24.484
868.755  272.457  23.134
225.641  274.327  23.729
260.142  274.307  26.663
389.148  274.210  27.353
570.954  274.059  25.052
809.233  273.542  27.744
546.629  274.850  27.100
827.274  275.485  25.809
150.675  276.988  27.693
743.913  276.584  24.390
192.671  277.571  27.189
440.313  278.458  24.063
543.578  278.274  26.693
682.872  278.112  24.506
432.208  278.969  27.141
122.183  281.209  24.527
407.453  281.351  26.893
785.932  281.271  23.304
905.244  280.506  26.201
665.416  281.889  26.649
755.590  282.007  28.338
769.896  281.955  27.632
808.708  282.411  26.232
318.138  283.123  28.008
371.903  283.527  25.850
683.864  282.360  24.844
825.464  283.410  26.470
849.603  283.499  27.559
614.853  284.224  27.317
358.386  284.778  27.669
416.571  285.041  27.011
477.618  285.450  24.678
716.342  286.130  26.307
827.974  285.319  26.349
892.970  285.908  24.398
255.976  287.559  27.654
538.421  286.910  26.457
677.886  287.545  26.410
301.552  287.797  24.772
626.872  288.216  28.311
796.930  287.925  26.822
746.808  289.248  27.489
138.692  290.097  26.032
506.034  289.900  24.682
774.202  290.108  23.355
905.601  291.052  22.833
561.094  291.996  26.207
683.598  291.591  26.323
725.469  292.427  27.035
371.564  292.793  25.671
556.319  292.942  26.378
599.534  292.677  27.010
13.992  294.223  27.026
116.889  294.579  27.378
323.052  295.535  22.315
350.270  294.842  25.991
441.515  295.002  25.269
590.974  295.481  26.714
708.101  295.584  27.288
614.776  295.673  26.669
827.581  295.918  27.317
321.289  296.650  22.327
339.580  297.435  25.862
527.015  297.616  25.151
795.963  296.640  27.357
423.039  297.979  25.272
753.544  297.730  27.340
677.005  298.770  26.625
862.383  298.684  24.533
512.310  299.876  23.471
690.369  300.265  25.343
140.523  300.902  27.645
599.881  300.881  26.606
630.222  301.536  27.806
119.906  302.504  27.646
608.871  301.728  27.136
751.802  302.266  27.399
858.745  301.618  23.885
451.826  302.989  22.324
585.027  302.599  27.044
668.943  303.518  26.922
724.587  302.715  27.977
771.580  303.133  27.617
288.325  303.645  26.733
394.052  304.125  27.327
862.410  303.363  24.550
302.499  305.029  27.225
312.194  305.365  25.231
161.481  305.667  27.178
890.748  305.903  24.695
315.962  307.203  25.362
610.145  307.243  25.232
701.021  307.142  27.703
820.077  307.389  24.624
125.517  308.006  26.929
552.641  308.524  27.084
573.403  308.938  23.468
732.754  308.523  26.924
752.397  308.732  25.928
760.286  309.108  23.245
561.975  309.667  25.682
159.973  310.434  27.383
480.060  311.205  26.256
527.398  311.154  25.638
614.404  311.118  25.948
188.067  311.931  25.702
210.643  312.298  27.801
386.954  312.051  27.498
402.209  311.951  27.036
564.651  311.425  25.683
617.635  312.212  26.155
893.868  312.364  25.734
51.132  314.325  23.710
337.599  313.808  25.135
376.011  313.849  25.047
540.020  314.383  27.025
144.223  315.025  24.737
343.954  314.886  25.789
763.963  315.092  26.533
227.092  316.908  26.079
567.912  316.927  26.796
605.877  316.456  27.769
693.875  316.411  26.957
752.116  316.108  25.414
808.030  316.855  23.836
198.733  318.046  27.128
423.901  317.969  25.653
722.876  318.733  27.185
268.800  320.338  25.696
369.685  320.161  26.571
375.745  319.819  24.685
664.419  319.930  27.585
859.862  320.466  23.434
397.659  321.136  26.049
584.025  320.542  27.033
710.244  320.785  23.404
897.054  321.112  28.087
819.480  322.456  23.794
142.591  323.564  27.277
291.723  323.831  24.649
569.910  323.929  23.146
685.354  325.578  24.106
412.172  326.135  26.471
665.888  325.449  27.189
873.412  325.701  26.536
149.182  327.087  25.148
158.451  327.284  26.283
713.380  326.776  26.846
253.189  327.904  27.672
306.062  327.792  27.118
106.020  328.849  27.352
288.541  329.472  26.229
416.431  329.291  26.432
540.705  328.722  27.502
807.590  328.959  26.240
228.755  331.275  25.444
498.577  330.934  25.495
582.270  331.157  26.787
907.597  332.096  27.806
335.738  332.592  26.307
827.435  333.224  27.136
423.869  334.402  27.526
453.150  334.367  25.942
477.638  333.649  27.501
556.204  334.187  26.688
575.355  333.589  27.031
169.868  335.203  24.449
214.198  334.492  26.343
777.230  335.324  26.900
381.853  336.006  27.583
418.111  336.045  26.115
628.230  336.361  27.757
794.013  336.267  28.276
123.069  337.098  23.861
619.208  336.806  27.986
674.566  336.922  24.106
590.921  337.964  26.383
745.930  337.983  27.304
367.336  339.077  22.248
395.483  339.051  27.832
587.100  338.647  26.282
336.102  340.185  24.020
560.570  340.509  25.233
860.109  339.481  26.816
69.642  341.174  27.836
387.243  341.372  24.101
660.500  340.560  27.292
293.719  342.243  25.623
403.011  343.342  26.653
588.524  343.559  26.401
862.773  343.228  26.791
887.860  343.476  27.120
623.396  344.013  27.234
794.384  343.759  26.661
341.479  345.503  23.547
693.767  345.578  26.524
714.434  345.038  25.500
780.789  345.191  27.067
847.336  345.418  23.899
377.696  345.683  27.603
594.364  345.559  25.634
216.413  347.091  26.830
385.864  346.880  26.416
414.006  346.914  27.892
750.447  347.030  24.063
257.074  348.253  27.738
315.757  347.527  25.312
632.505  348.215  27.640
653.481  348.366  24.925
743.263  347.829  27.524
798.085  348.434  26.623
270.803  349.809  26.807
454.353  350.231  25.722
522.611  350.468  25.566
86.999  351.053  27.771
246.652  350.888  25.559
396.239  350.689  25.461
416.785  351.021  28.068
315.045  352.342  25.564
587.710  352.137  28.029
603.852  351.755  27.483
880.628  352.046  25.722
48.857  352.980  28.075
71.719  353.504  26.891
162.173  353.491  27.747
289.254  354.017  25.429
301.954  354.626  26.263
439.682  354.222  27.532
484.997  354.048  27.151
497.047  353.893  24.452
533.212  354.398  27.075
721.006  353.752  21.953
814.220  354.423  27.457
320.259  354.909  25.467
256.318  355.958  24.899
847.009  356.481  25.745
241.242  357.608  26.726
455.941  356.921  27.179
620.522  357.053  24.752
141.998  358.288  26.529
332.535  358.082  25.919
400.355  358.222  23.686
600.909  358.489  25.933
612.878  357.952  23.734
746.575  357.619  23.819
851.467  358.625  24.174
70.635  359.026  27.557
336.397  359.235  26.270
354.489  358.382  27.077
820.348  358.925  25.566
249.184  360.084  26.533
293.690  360.032  25.278
369.325  359.958  23.218
581.638  359.763  26.145
620.458  360.819  24.721
696.175  360.707  25.903
362.947  361.481  25.258
582.994  362.020  26.164
699.841  361.367  26.152
40.000  363.521  26.699
738.060  362.684  23.157
209.576  363.523  23.937
560.292  363.769  25.945
883.782  363.776  27.586
888.933  363.631  26.792
183.011  364.949  24.754
467.631  365.247  27.561
706.383  364.606  27.111
835.999  365.392  25.292
907.569  365.025  26.510
375.295  365.711  26.653
687.528  365.748  26.701
819.085  365.964  28.002
42.353  366.906  26.350
75.939  367.055  26.054
96.310  367.748  26.199
213.032  367.846  24.692
270.028  367.549  26.205
379.650  367.756  26.421
580.430  367.888  25.505
628.989  368.221  27.258
787.130  368.196  26.374
252.447  368.998  27.446
494.902  369.041  26.541
568.800  368.647  24.991
587.469  368.852  27.131
854.629  370.303  26.992
48.317  371.155  23.726
127.591  370.897  27.589
398.977  370.898  27.400
41.422  371.767  26.767
603.532  372.418  23.632
68.944  373.136  27.061
296.101  373.199  22.475
159.659  374.376  26.826
248.808  373.590  26.980
655.441  374.307  27.118
673.873  374.033  24.747
399.536  375.142  26.560
660.874  374.999  25.913
783.376  374.665  22.855
55.955  376.141  25.589
223.701  375.843  26.105
258.180  375.768  26.507
478.372  376.304  25.745
13.249  377.219  26.988
864.924  376.772  22.781
194.463  377.923  27.079
395.031  377.436  24.808
853.450  377.698  26.269
127.048  379.369  27.408
182.745  378.936  27.523
895.265  379.165  26.734
80.827  379.922  28.168
808.049  380.187  26.573
356.472  380.533  26.678
522.655  381.570  26.855
558.369  381.252  27.379
202.906  381.801  27.078
502.555  382.135  26.679
544.097  381.571  26.771
600.811  381.706  26.899
910.988  382.552  27.376
478.967  383.400  22.000
483.935  383.095  21.647
681.624  383.485  27.130
276.326  383.660  26.698
858.863  384.190  25.997
888.060  385.976  23.684
71.672  384.685  26.628
293.183  385.143  24.138
430.015  385.042  27.500
750.554  384.885  24.934
888.212  386.517  23.652
636.984  386.542  25.438
686.188  385.513  26.835
730.409  387.273  24.963
741.210  386.693  27.933
851.282  387.003  23.751
88.730  387.647  26.356
632.664  388.093  24.385
888.100  388.176  23.696
63.552  388.850  23.878
186.317  388.943  27.361
644.393  388.955  23.640
660.390  389.900  23.589
911.044  389.734  27.110
278.050  390.689  25.813
454.116  390.972  26.958
767.607  391.387  26.877
81.211  391.714  25.783
120.818  391.773  26.452
548.502  391.793  27.019
683.446  392.441  27.881
789.845  391.326  25.839
485.519  392.938  26.616
613.181  392.832  27.419
568.375  394.105  26.559
654.502  393.729  26.502
756.109  394.112  27.967
783.439  393.860  24.373
46.132  394.478  27.670
124.248  395.480  26.615
491.972  394.741  26.538
730.880  394.894  26.701
563.879  395.885  26.576
623.359  396.241  24.729
633.699  396.468  27.279
211.103  397.496  26.873
576.123  396.691  27.043
747.227  396.659  24.279
405.536  398.597  26.241
825.671  398.195  27.800
866.598  398.310  25.672
67.780  399.058  23.756
566.509  398.732  26.779
93.863  399.824  28.097
476.598  400.119  26.508
609.861  399.779  27.400
80.736  401.110  26.697
249.831  400.900  26.981
668.566  401.284  26.628
817.224  400.796  26.443
872.473  401.387  27.359
534.239  402.440  26.140
629.252  402.002  24.662
538.039  403.576  26.050
255.470  404.135  27.309
430.992  403.940  26.505
882.068  404.203  27.281
95.012  405.294  27.265
227.139  405.120  27.492
758.123  404.945  28.126
842.101  404.620  27.250
539.426  405.682  26.306
786.523  405.981  26.351
177.211  407.230  26.526
223.821  406.814  27.682
582.218  406.853  25.308
751.615  406.893  26.843
24.578  407.744  27.212
777.782  409.082  24.923
243.950  409.777  27.015
55.031  411.653  26.258
587.140  411.581  26.083
653.132  410.784  26.881
661.818  411.335  24.331
856.169  411.546  24.182
70.724  411.683  26.956
253.471  411.915  25.720
875.915  412.212  24.318
87.591  412.555  26.136
644.787  413.326  26.396
707.883  412.732  22.382
213.846  413.990  24.037
592.427  413.746  25.475
740.766  414.435  26.752
581.492  415.010  25.494
665.804  415.304  26.378
466.765  416.054  27.733
669.119  415.810  26.924
686.332  416.271  25.978
723.618  415.948  27.370
746.376  415.889  27.491
183.475  416.859  27.000
316.990  417.005  23.065
639.659  416.546  24.385
23.630  418.390  25.953
39.492  418.232  27.361
256.411  418.044  25.403
91.290  419.400  26.747
174.641  418.767  27.641
791.500  419.356  27.128
108.957  420.177  27.438
118.079  420.450  26.921
768.663  419.865  25.644
326.092  421.283  26.735
644.434  421.475  26.674
774.915  420.862  26.920
872.340  420.543  26.797
31.968  421.875  27.435
477.520  422.140  24.068
533.938  422.622  25.951
654.149  422.978  26.566
811.763  423.423  26.380
895.246  422.688  27.319
67.244  423.759  25.176
412.586  423.746  24.220
676.650  423.590  25.326
432.262  426.250  27.284
579.013  425.479  26.257
795.760  426.530  27.375
870.332  426.217  27.744
99.031  427.245  26.961
400.229  426.823  26.802
662.202  427.220  26.980
708.760  427.393  26.869
574.461  428.559  26.823
614.437  427.494  26.513
839.904  427.949  24.141
807.627  428.908  25.988
891.760  428.985  27.381
61.367  429.872  28.170
277.458  429.583  27.678
528.245  430.296  23.457
541.804  429.860  21.983
590.845  429.990  27.938
651.553  430.532  26.137
804.717  429.420  25.962
781.912  431.560  26.717
21.155  432.429  24.853
179.042  432.575  26.849
195.180  431.640  26.706
338.916  432.063  25.763
434.502  432.027  27.083
671.971  432.540  25.932
452.273  434.841  25.962
531.596  435.081  20.775
646.269  434.516  25.706
750.047  435.007  27.604
594.561  435.941  26.503
828.390  436.007  27.748
604.505  436.827  27.852
711.179  436.541  24.659
762.285  436.867  26.984
675.520  437.801  26.728
786.424  438.468  27.284
913.204  437.874  27.257
253.948  438.927  24.645
700.941  439.568  26.705
816.060  439.384  23.084
221.246  440.232  26.696
448.355  440.167  22.382
123.322  441.252  25.958
484.529  441.409  22.671
630.030  441.048  26.741
750.035  440.912  27.113
57.204  441.738  24.072
36.785  443.362  25.217
429.642  442.592  26.294
802.900  443.139  25.855
144.314  444.204  25.456
286.706  443.940  26.358
297.989  443.707  23.264
688.837  444.415  27.096
726.452  443.573  27.493
472.938  444.754  25.460
709.149  445.221  26.784
763.579  444.540  26.892
247.113  445.851  27.216
555.118  445.529  27.068
606.079  446.110  28.367
341.066  447.158  24.927
671.952  446.880  22.963
41.301  447.736  27.353
218.895  447.653  26.188
426.496  447.886  27.586
444.515  447.935  25.277
458.276  447.540  26.155
754.522  448.335  26.670
17.785  449.570  24.615
524.725  449.122  27.160
130.589  449.984  27.213
726.760  449.644  27.031
207.226  451.562  21.523
232.298  450.983  25.540
246.262  450.798  27.569
259.408  451.177  25.176
333.522  450.469  25.674
750.986  450.892  26.761
851.571  450.706  27.300
906.446  450.717  24.765
156.967  452.168  26.956
672.469  452.489  24.636
894.604  452.719  25.841
78.082  453.288  27.738
148.924  452.707  26.699
720.267  452.526  25.716
738.390  452.888  26.327
830.173  452.905  24.722
871.396  453.603  23.226
114.454  454.163  21.642
412.398  454.218  25.183
785.307  453.751  26.188
364.047  455.017  27.337
397.297  455.105  27.197
482.597  454.534  23.954
500.892  455.401  27.038
656.917  454.688  27.958
813.390  455.405  23.234
418.073  455.415  27.149
543.915  455.702  26.835
647.025  456.444  27.737
745.564  455.629  23.714
622.097  457.396  27.052
742.164  456.566  23.789
852.655  456.635  26.129
138.964  457.581  26.611
695.486  457.538  25.129
795.653  457.730  26.457
894.395  457.721  24.306
149.489  460.028  26.712
636.814  460.115  27.251
833.303  460.135  24.410
616.873  460.906  26.516
742.209  460.084  24.610
139.266  462.435  27.118
601.615  461.740  27.802
628.151  462.645  26.220
684.428  462.302  26.502
457.911  462.803  26.571
473.633  462.920  24.449
445.630  464.646  27.871
785.721  463.911  27.232
79.983  464.841  28.560
317.429  464.746  25.884
506.722  464.417  25.794
849.097  465.341  27.411
901.455  464.656  26.453
324.090  465.866  26.332
743.843  466.326  26.723
838.274  466.351  27.616
56.143  466.995  26.942
116.709  466.599  26.872
367.589  466.873  23.217
610.104  467.439  27.010
99.502  467.429  25.784
161.237  468.006  25.403
208.604  468.859  23.431
281.974  468.720  26.407
310.072  469.356  27.018
397.284  469.241  25.886
462.439  468.853  23.149
614.078  471.502  26.268
696.154  471.145  26.212
72.821  472.153  26.294
322.976  472.233  27.088
334.700  472.116  28.062
506.743  471.917  25.653
786.995  471.812  26.565
807.412  472.029  26.649
859.110  471.593  27.411
306.605  472.630  27.068
545.491  472.535  26.836
737.939  472.461  22.557
212.148  474.018  24.065
714.574  473.666  27.785
814.614  473.922  26.922
54.006  475.046  27.205
204.629  475.988  27.040
407.167  475.880  26.998
901.552  476.202  27.231
246.106  476.744  23.579
276.429  477.079  27.546
579.381  477.279  26.721
671.811  477.107  27.343
484.666  478.704  27.053
506.259  478.452  27.148
709.860  478.330  28.045
760.686  478.486  27.166
346.707  479.001  26.319
447.343  479.040  28.177
871.495  479.252  27.651
891.857  478.401  27.281
319.240  480.981  26.731
536.405  480.243  25.022
719.735  480.511  26.639
397.362  480.487  26.463
438.357  481.069  24.994
441.005  481.133  24.997
318.708  482.430  26.729
353.526  482.247  26.476
454.703  481.695  26.769
631.801  481.632  27.073
749.920  481.921  26.754
515.412  483.290  27.378
680.697  482.556  25.464
590.193  483.878  26.184
131.853  484.997  26.513
366.402  485.069  25.330
558.885  484.914  26.086
812.219  484.723  25.176
572.813  486.828  27.102
654.799  486.548  24.584
717.836  487.281  25.521
438.820  487.755  25.879
449.125  487.566  25.234
485.493  487.734  27.703
305.591  489.025  25.969
545.266  488.840  20.679
690.604  489.397  26.161
285.064  490.407  27.090
641.741  490.129  27.389
794.090  490.218  25.536
873.374  490.545  27.142
553.319  490.777  24.386
557.831  491.092  25.470
891.529  492.499  24.171
604.188  493.180  26.803
618.081  493.457  27.139
910.815  493.293  25.964
471.086  493.872  25.532
6.502  495.278  25.708
278.214  494.871  26.715
306.779  494.826  25.139
192.564  496.248  27.404
560.888  496.477  26.959
843.909  496.512  23.984
912.960  495.439  26.038
433.848  497.103  26.709
585.262  497.493  26.963
697.192  496.509  26.992
176.586  497.596  26.733
416.940  497.882  26.962
429.004  498.072  27.507
786.717  497.894  27.312
845.053  498.038  23.958
331.400  499.460  27.672
910.826  499.034  27.073
222.482  500.377  21.955
510.306  500.888  24.829
582.225  501.218  26.815
613.904  501.353  26.396
781.900  501.082  27.490
362.127  502.031  27.561
565.312  501.882  24.322
661.768  502.227  27.814
789.346  501.696  26.824
865.822  502.720  26.864
251.423  503.396  27.360
54.958  504.261  26.602
32.226  505.359  23.710
638.789  504.661  26.953
654.883  505.486  26.844
691.868  504.502  27.237
811.015  504.785  27.675
79.415  506.023  25.941
128.374  505.911  26.069
887.959  506.145  27.754
50.610  506.838  27.225
142.942  506.901  27.251
160.358  506.855  25.969
272.459  506.548  27.118
376.287  506.616  27.180
98.718  507.875  26.664
248.159  508.036  26.770
442.446  507.661  25.772
463.177  508.216  26.077
819.292  507.674  27.873
894.505  508.246  24.517
484.855  509.213  26.651
789.773  508.657  26.225
880.920  509.354  25.921
330.349  509.660  27.616
526.427  510.495  26.272
228.797  510.811  26.715
673.383  510.561  26.011
155.810  512.564  25.706
728.453  512.488  24.021
752.167  512.151  27.232
182.434  513.333  26.799
381.470  512.682  25.906
514.435  513.280  27.146
642.729  513.023  25.176
814.294  512.581  27.151
902.293  512.837  26.978
617.449  514.246  27.885
876.767  513.755  26.775
103.639  515.000  25.828
166.211  515.502  23.585
439.477  514.896  25.032
866.306  514.778  27.771
578.221  516.551  25.317
815.387  515.874  27.145
895.113  516.256  27.556
480.364  517.129  22.760
544.761  516.667  22.091
636.744  517.067  26.232
885.303  517.029  27.755
667.513  517.746  26.969
763.177  517.930  23.449
906.836  517.714  25.841
136.554  518.439  23.608
331.105  518.824  27.186
25.970  520.462  27.033
75.018  520.679  24.057
425.846  521.542  26.805
326.841  522.097  27.218
336.426  522.057  25.663
458.905  521.909  25.389
871.567  521.589  26.802
192.777  523.115  27.046
258.310  522.528  25.204
762.033  522.712  22.910
108.768  524.397  27.657
248.823  524.358  27.097
185.116  524.821  26.732
233.562  525.412  27.049
343.355  524.845  25.219
525.420  525.017  27.015
775.163  525.077  27.279
860.969  525.015  22.969
49.188  526.071  27.121
134.656  525.974  24.490
559.062  526.335  20.038
558.659  526.262  20.035
355.137  527.428  26.065
494.302  527.311  27.109
181.808  527.953  26.444
607.433  528.546  25.502
683.734  528.666  25.598
232.584  528.430  26.895
699.284  530.928  25.909
29.087  529.995  26.030
879.072  530.031  27.298
482.605  531.154  27.656
564.318  529.323  22.997
571.007  530.348  26.025
724.319  531.588  27.411
268.515  531.612  27.626
322.301  531.595  26.606
334.619  531.594  25.415
394.156  532.326  25.599
604.616  531.617  25.175
699.227  532.320  25.915
87.515  532.555  27.082
118.336  533.621  27.389
206.570  533.324  25.683
600.135  532.719  26.330
755.437  532.916  27.337
42.372  533.575  24.545
154.004  535.151  25.501
529.026  534.481  26.603
687.554  534.131  26.842
189.186  534.842  25.295
670.238  535.177  27.664
896.725  535.248  26.169
139.572  535.701  25.669
557.777  535.864  23.011
212.856  537.346  27.760
661.586  537.419  24.529
760.055  537.566  29.225
826.376  536.373  26.606
912.719  536.930  27.292
193.671  538.295  23.257
506.432  539.196  27.064
595.118  539.380  27.440
331.109  540.306  26.556
574.781  540.578  26.304
675.498  540.504  27.149
686.992  540.158  25.146
780.082  539.648  27.486
785.825  540.039  26.026
832.005  540.216  26.529
879.285  540.339  24.645
120.359  540.828  27.796
792.903  540.646  22.440
200.978  542.186  26.481
255.225  541.293  26.542
326.469  541.857  25.981
410.848  541.595  26.854
44.803  542.968  26.835
468.923  542.642  27.452
497.623  543.192  26.479
500.802  543.008  26.423
738.071  543.079  24.407
148.014  544.570  20.418
776.972  544.422  26.999
77.123  545.089  25.486
321.996  544.710  26.451
326.836  545.068  26.024
426.007  544.771  23.057
490.068  544.840  25.130
825.750  545.624  24.112
847.971  544.894  23.187
15.567  546.020  26.992
690.248  546.186  27.888
880.640  546.922  26.933
167.018  548.220  25.522
216.979  548.099  27.224
260.832  548.376  24.433
369.877  548.994  27.414
656.551  548.937  25.659
807.892  548.699  26.360
62.471  549.745  24.670
295.898  551.518  27.418
521.132  550.847  25.424
696.469  551.144  24.425
843.738  550.460  23.350
170.555  552.077  24.619
704.382  551.800  26.772
770.112  551.786  22.258
778.367  552.300  26.616
874.747  552.333  27.170
155.832  552.583  25.591
419.946  553.304  25.991
860.870  553.729  23.224
902.125  553.923  26.556
407.739  554.769  26.030
583.877  554.377  26.557
600.920  554.733  27.300
640.142  554.927  27.362
725.446  555.302  25.613
744.541  555.143  26.408
827.401  555.332  26.667
465.372  556.245  27.134
496.558  555.766  27.289
508.103  555.875  27.014
796.873  557.023  27.054
855.050  556.621  26.041
136.797  557.512  26.885
178.523  560.053  19.922
710.047  558.401  22.551
771.578  558.135  24.888
49.334  558.808  26.309
93.822  558.822  25.079
287.525  558.942  25.189
328.535  558.935  26.970
695.568  558.723  27.671
721.429  559.220  27.013
176.445  560.154  20.083
469.950  559.822  27.376
519.468  560.305  25.787
760.404  560.637  26.447
119.041  561.038  27.185
178.362  559.951  19.922
871.848  560.829  23.404
883.395  561.841  27.201
595.443  562.772  25.911
753.758  563.258  25.448
741.181  564.529  26.114
161.203  564.748  26.555
553.836  565.346  27.036
442.391  566.180  23.729
185.537  568.230  24.046
296.775  566.851  23.832
763.394  568.277  27.177
832.122  568.070  24.749
867.990  567.693  26.963
490.474  568.610  26.923
498.619  569.278  24.080
660.105  568.982  22.884
903.054  568.872  24.615
187.895  569.725  24.126
641.526  570.021  26.235
801.960  570.271  24.758
248.484  570.574  26.667
369.014  571.155  27.207
605.237  571.247  27.750
50.160  572.183  27.115
681.455  572.225  22.184
731.988  572.297  27.329
751.720  572.489  27.120
896.275  572.442  27.055
30.240  573.237  25.623
317.656  573.257  24.787
559.428  574.777  23.092
566.423  574.981  24.617
705.252  574.500  27.033
779.449  575.045  24.981
783.955  575.257  25.343
871.458  574.893  24.357
646.613  576.254  26.690
545.934  576.970  26.638
446.066  578.305  27.451
581.289  577.648  24.942
410.679  578.733  24.960
638.431  578.828  27.755
872.160  579.497  23.749
206.998  579.938  27.091
143.442  581.569  27.242
397.538  581.141  27.704
555.881  580.856  26.073
851.697  580.892  26.854
899.655  581.870  25.483
267.985  584.205  27.160
716.890  583.671  27.352
894.100  584.187  24.961
436.930  585.267  27.403
848.744  585.180  26.567
880.235  585.330  26.091
59.429  586.066  25.383
186.277  586.533  27.081
286.433  586.316  27.440
827.525  587.372  27.256
854.111  587.472  26.645
105.635  587.970  25.772
423.291  587.667  27.557
873.584  587.524  26.256
630.090  589.352  27.269
708.504  589.467  27.212
806.653  588.642  26.382
326.140  590.253  25.252
344.699  590.046  26.258
123.237  591.287  24.912
855.563  591.302  26.556
875.606  590.866  26.522
7.081  592.293  25.726
95.550  592.572  24.063
536.975  593.411  26.412
731.986  593.189  27.917
830.758  593.678  25.677
839.504  592.776  27.087
861.107  593.291  25.258
334.101  594.349  25.150
865.364  594.250  25.350
48.399  594.908  27.655
206.094  594.923  25.203
883.576  594.843  24.728
281.581  595.948  25.977
315.745  595.499  25.625
881.582  595.505  24.855
906.440  595.972  27.031
207.562  596.840  25.206
875.656  597.223  27.176
95.563  597.710  25.552
117.422  598.073  26.620
359.934  597.978  28.195
481.748  598.384  24.682
624.566  598.617  26.618
885.672  597.193  24.908
896.435  597.395  26.145
102.892  600.375  26.917
451.823  600.625  27.040
554.420  599.979  27.378
697.577  600.036  23.763
798.556  600.248  26.786
221.716  601.034  24.371
617.436  600.655  26.588
18.326  601.804  27.517
523.446  601.845  27.381
816.445  602.352  27.117
299.311  603.052  23.911
440.086  602.722  26.351
548.679  603.079  25.789
219.767  604.548  24.443
394.116  604.266  26.108
660.130  604.260  26.339
686.077  604.599  26.872
327.514  604.931  24.219
447.283  604.542  24.123
545.425  604.952  25.431
586.554  605.531  25.501
608.681  605.647  22.367
624.190  604.912  27.148
715.913  605.146  25.821
249.571  606.127  27.583
369.434  606.170  27.522
306.503  606.942  26.444
491.445  606.834  26.819
824.712  607.432  26.948
890.470  606.814  27.978
749.464  608.287  24.140
217.580  608.943  23.670
507.629  609.210  27.268
614.352  608.882  23.131
135.608  609.965  26.048
737.657  610.305  25.315
782.166  610.127  26.583
832.159  610.278  26.537
901.576  609.651  26.758
359.209  611.066  24.555
730.689  611.262  26.678
742.853  611.224  23.740
874.860  611.533  25.421
911.584  611.526  26.653
27.886  612.298  26.776
285.244  611.783  25.438
424.768  612.041  25.309
702.996  611.990  26.219
757.896  611.664  27.608
89.746  613.339  26.160
337.430  612.978  25.132
280.877  613.957  23.712
737.060  614.308  25.145
151.783  615.685  27.193
403.983  614.852  27.896
560.181  615.555  27.012
474.118  616.873  25.623
507.699  615.626  24.957
190.787  617.016  26.772
522.811  616.698  26.064
849.168  616.767  24.221
287.266  617.606  26.593
346.379  619.163  26.815
422.089  619.235  26.577
635.884  618.875  24.272
669.562  619.495  22.661
687.755  618.712  27.520
866.327  619.017  25.716
355.550  619.734  25.481
473.748  619.928  25.431
604.967  620.533  26.987
692.540  619.752  26.870
697.925  619.824  25.849
893.947  619.769  26.445
131.295  621.148  27.154
153.382  621.246  25.402
317.900  621.083  27.685
483.041  621.195  26.864
656.719  621.331  27.285
705.125  621.494  26.609
712.993  620.444  27.145
785.527  621.180  27.323
160.828  622.193  27.933
538.416  621.744  27.014
741.939  621.977  26.955
73.475  623.409  27.619
334.372  623.026  26.815
911.221  624.295  26.748
803.677  624.591  24.363
86.318  625.914  26.924
427.609  625.620  21.934
436.679  626.453  24.151
490.494  625.721  26.360
601.240  626.375  25.001
724.835  626.176  26.048
794.190  625.585  27.579
822.367  626.068  27.096
82.505  627.459  26.543
414.379  626.913  24.833
452.585  627.714  24.138
460.902  627.618  27.442
525.930  627.872  28.500
735.460  628.079  26.549
882.819  628.486  28.025
903.450  627.992  23.459
18.175  628.929  24.761
139.584  629.366  27.778
601.480  629.333  24.977
913.388  628.888  25.186
47.847  630.381  27.675
154.430  629.776  26.940
766.961  629.863  26.800
402.173  631.234  27.110
466.318  631.015  26.854
688.568  630.816  27.634
710.149  631.064  27.211
56.064  632.322  26.988
181.946  632.491  26.538
167.454  633.982  26.572
471.149  634.471  27.597
667.802  633.747  24.513
27.886  635.263  27.243
651.221  634.795  27.462
695.540  634.967  25.687
793.789  635.089  24.594
902.410  635.330  26.818
85.555  635.646  26.826
375.878  635.545  27.576
532.178  635.963  24.323
560.060  636.072  27.635
799.274  636.507  26.913
876.055  637.164  27.422
72.619  637.705  25.815
424.043  638.546  25.393
727.976  638.582  26.026
96.269  639.613  27.251
141.811  639.651  24.985
398.878  639.779  23.319
441.393  639.645  24.762
573.129  640.097  26.695
607.977  640.513  25.989
783.326  640.135  23.579
892.524  640.495  24.505
904.111  640.640  25.757
133.094  642.346  26.278
762.832  642.115  26.175
668.758  642.833  27.910
533.689  643.885  26.744
632.131  643.978  26.376
694.631  643.498  27.076
733.516  643.868  22.914
859.588  643.824  25.950
71.320  645.557  27.157
139.030  645.896  27.392
491.270  646.005  27.468
542.430  646.529  23.402
873.810  646.077  24.286
911.861  646.743  25.928
48.004  647.419  26.515
377.142  647.420  27.806
453.862  647.200  27.022
171.732  647.883  23.549
228.332  647.622  21.728
324.429  648.233  28.054
651.260  648.599  27.119
792.591  648.847  23.643
796.867  649.120  23.851
587.915  649.598  23.886
626.982  650.315  26.980
98.102  650.540  27.603
873.597  651.981  24.995
45.471  653.424  24.007
177.383  652.987  26.577
539.133  652.778  27.083
690.498  654.594  26.354
23.495  654.980  25.067
230.089  654.992  25.743
360.268  655.206  25.477
628.706  655.513  26.970
759.142  655.532  25.319
873.341  654.243  25.065
865.851  655.781  22.381
144.464  656.875  26.165
312.348  657.192  27.104
432.160  657.200  25.856
477.924  657.357  25.439
727.246  656.741  25.010
899.798  657.103  25.354
171.295  658.039  23.366
466.668  658.593  27.322
552.222  657.810  26.332
853.795  657.514  25.559
27.090  658.298  26.464
188.364  658.796  26.504
512.846  659.115  22.220
744.311  658.409  26.907
208.619  659.811  23.686
239.647  660.274  26.982
607.926  660.165  26.841
762.687  659.969  27.104
142.702  660.632  26.563
273.407  661.564  27.228
339.361  660.527  27.662
430.859  660.859  26.115
670.440  661.446  23.603
884.017  661.214  28.117
908.418  660.780  22.649
193.743  662.283  24.379
478.493  661.389  25.768
820.913  662.418  26.310
359.434  663.287  27.475
531.389  662.977  28.031
663.031  662.497  26.968
677.128  664.284  26.961
754.371  664.127  27.669
835.638  664.074  25.742
382.450  665.424  27.647
520.596  665.524  26.751
686.435  665.040  27.140
709.223  667.600  25.395
111.558  668.037  25.641
273.757  668.025  26.144
297.693  667.522  27.414
342.151  667.819  27.815
627.193  668.306  26.886
865.732  668.668  23.427
880.388  668.252  27.360
51.441  669.223  25.024
610.644  669.064  26.809
691.777  669.028  26.826
535.495  669.879  25.527
94.507  671.017  24.903
103.896  670.732  27.290
127.081  671.419  26.674
325.010  671.229  27.756
428.042  670.911  25.799
227.973  672.109  26.987
525.145  672.452  27.281
657.455  672.282  27.797
272.711  673.448  27.455
318.866  672.489  27.019
781.211  672.824  27.354
24.679  673.754  26.426
200.871  673.665  25.283
439.913  674.237  27.134
33.003  675.186  26.335
258.163  675.363  23.787
460.956  675.057  24.962
490.274  674.746  26.529
879.681  675.053  24.777
69.920  675.904  26.319
283.305  676.038  26.717
434.417  676.504  24.986
560.810  676.273  26.642
711.329  676.004  27.497
809.877  675.755  21.472
76.896  676.965  28.129
87.062  677.084  26.963
421.473  676.670  27.215
588.930  676.769  28.082
790.039  677.271  26.678
396.876  678.629  25.410
500.874  678.209  22.597
613.905  678.151  27.347
857.453  677.746  26.865
596.323  680.324  28.057
784.114  680.095  26.809
849.133  679.746  26.794
600.746  681.186  27.810
282.826  682.399  26.997
490.389  682.162  27.134
609.398  681.845  25.242
705.270  682.576  26.369
871.826  682.491  27.034
142.074  682.484  26.514
624.786  682.739  26.167
790.484  682.840  26.308
885.540  683.287  26.747
456.911  684.205  22.740
842.697  684.381  27.023
449.299  684.723  26.864
821.011  685.925  27.236
21.029  686.948  26.873
239.572  687.467  27.838
478.562  687.173  27.175
868.351  686.716  25.747
81.344  687.743  27.190
534.954  687.685  27.929
706.290  688.036  27.465
127.882  689.170  25.711
132.396  689.657  25.297
222.880  689.250  27.250
659.352  689.064  26.723
193.656  689.703  22.651
327.578  689.515  25.020
909.701  689.659  25.303
136.159  690.745  24.850
401.811  691.339  26.724
589.592  690.462  25.947
51.450  692.505  27.304
202.034  692.864  25.261
444.951  692.851  26.576
821.834  693.076  26.817
840.436  693.522  25.896
78.935  694.434  24.990
507.266  694.147  26.329
643.835  694.388  26.605
453.391  695.268  26.939
522.859  694.995  27.336
604.963  694.942  27.099
788.496  695.664  26.720
337.164  696.331  22.873
438.400  695.760  24.854
654.683  696.265  24.581
799.296  696.632  25.232
610.373  696.842  27.672
732.279  697.384  26.580
52.111  698.391  26.397
119.725  698.306  27.721
161.450  697.769  26.007
48.581  698.869  26.394
177.782  699.211  24.162
434.757  699.741  25.747
813.851  699.296  27.061
839.175  699.251  27.097
551.007  699.719  26.654
692.808  699.796  27.520
900.247  700.555  26.934
18.602  701.031  26.773
293.462  700.604  24.822
361.737  701.040  25.925
773.315  701.432  24.906
790.873  701.165  25.990
34.267  702.057  27.557
182.771  702.242  23.986
313.486  701.754  27.134
678.415  702.471  26.015
883.426  702.281  25.692
94.953  702.991  27.627
291.811  703.313  24.891
712.246  703.122  23.977
826.533  702.904  23.885
379.435  704.041  24.749
173.641  704.927  24.917
327.420  705.616  27.071
420.128  705.692  24.819
122.655  706.049  26.620
642.907  706.047  27.261
656.944  705.766  21.286
748.782  705.816  24.535
65.454  706.747  27.513
237.182  706.994  25.247
405.246  707.218  25.676
476.143  707.411  27.011
126.395  708.015  26.446
630.460  708.456  25.604
760.478  708.094  25.141
323.431  708.591  26.996
441.528  709.078  27.169
795.567  709.388  25.455
90.051  710.264  26.374
136.441  709.807  26.621
188.343  709.836  24.027
300.058  711.415  26.103
560.136  710.575  26.422
637.711  710.750  25.405
662.353  710.700  25.627
678.444  710.585  23.248
148.466  711.632  25.841
391.750  712.044  24.535
494.081  711.619  26.223
875.226  712.273  26.210
832.630  712.902  27.554
851.234  712.449  25.285
88.636  713.876  26.630
131.082  713.777  26.648
344.428  714.221  27.600
378.971  713.526  25.689
631.372  713.887  27.145
692.460  713.707  27.187
722.640  714.279  26.503
57.013  714.574  24.951
94.629  714.487  25.935
458.484  715.233  25.473
754.951  714.817  26.727
858.172  714.691  27.650
244.004  715.843  27.547
711.970  716.092  25.310
383.854  717.128  27.062
400.016  717.449  24.470
423.036  717.247  25.500
159.592  717.793  26.412
230.780  718.472  24.350
746.132  717.807  26.908
806.772  718.177  26.479
818.708  718.451  25.973
838.976  718.140  25.828
894.785  717.663  26.582
47.241  718.715  27.011
691.591  719.158  25.440
732.170  719.169  26.506
167.987  719.858  27.609
196.122  720.383  26.613
328.800  720.351  24.841
486.008  719.866  27.432
517.842  719.884  26.720
15.679  720.537  26.338
108.061  721.173  22.939
610.040  720.943  27.281
714.802  721.065  26.133
73.665  721.544  26.713
712.612  722.379  26.211
737.946  721.556  26.137
870.911  722.184  26.692
565.527  722.838  24.625
415.733  724.418  26.667
422.392  724.121  27.664
535.021  723.871  26.520
93.929  725.353  23.888
369.650  724.837  25.839
515.993  725.455  27.599
593.994  725.417  26.584
743.227  725.560  25.436
186.306  726.647  27.036
264.520  727.437  23.656
270.687  727.078  26.836
330.567  727.442  22.441
529.946  726.925  25.710
534.053  726.793  25.958
820.745  727.103  25.769
857.347  727.130  26.372
874.989  727.192  26.620
436.223  728.247  27.627
496.400  728.863  28.045
758.568  729.152  27.842
792.104  729.415  26.769
452.894  729.649  26.768
540.202  729.862  27.765
625.495  729.769  25.771
850.080  730.432  23.088
885.046  730.329  26.672
460.429  732.266  25.231
799.008  733.556  24.490
842.766  732.944  22.571
103.152  734.009  27.631
285.817  734.532  24.117
603.941  734.002  24.942
614.238  734.049  25.787
871.395  733.993  27.370
407.893  735.218  26.275
676.119  734.816  26.898
116.736  735.986  27.823
562.393  736.638  23.354
171.855  737.649  26.553
179.041  736.521  24.684
424.359  737.432  26.935
493.151  737.203  25.040
579.791  737.057  27.607
732.556  737.169  25.872
516.857  737.914  27.171
573.670  738.109  27.269
775.561  738.616  27.343
824.299  737.902  27.009
835.713  737.560  23.675
884.566  738.326  25.486
81.623  738.503  26.780
495.456  738.492  24.924
551.864  739.017  24.591
865.548  738.656  27.156
339.921  740.028  23.911
417.816  739.457  27.250
766.765  740.066  27.695
244.507  740.893  22.506
128.232  742.119  25.960
802.103  741.457  26.026
816.617  742.095  26.982
39.640  742.547  24.251
104.231  743.219  27.925
326.362  742.634  26.940
563.399  743.030  26.070
698.412  742.870  26.374
854.929  743.081  24.441
237.818  744.323  22.973
245.765  743.432  22.577
420.856  743.713  26.467
568.630  744.210  25.758
602.655  744.686  26.552
858.470  743.963  24.753
883.552  744.242  24.073
903.247  744.161  26.177
284.710  745.320  23.512
612.295  744.905  25.706
725.255  744.886  28.163
904.968  744.980  26.148
639.999  746.068  27.653
98.130  746.587  28.626
125.194  746.750  26.685
190.026  746.425  27.977
505.878  747.005  27.142
785.007  746.945  23.941
235.562  747.932  22.085
672.150  748.371  26.731
820.221  747.920  27.329
801.111  749.432  25.771
30.445  750.259  24.978
622.689  749.719  26.428
737.593  749.851  24.480
40.653  750.857  23.364
183.166  750.672  25.445
501.731  750.710  26.897
348.485  751.697  27.317
369.861  752.292  27.571
473.389  752.182  25.801
36.419  752.657  23.791
55.356  752.561  23.236
127.145  752.825  23.834
619.303  754.051  26.114
833.859  754.194  27.300
873.627  754.404  24.112
577.122  754.589  25.736
841.069  754.646  25.525
321.085  755.559  27.658
543.036  755.598  23.981
757.338  755.791  26.364
109.067  756.434  26.116
335.400  757.300  27.209
358.112  756.908  23.034
466.143  756.957  25.908
665.295  757.283  27.111
775.075  757.100  27.617
783.127  757.213  27.483
854.655  758.220  24.507
277.697  758.312  26.523
800.288  757.996  27.249
825.628  758.468  25.243
868.830  757.271  24.868
137.923  759.170  27.751
598.823  759.040  26.437
850.952  759.160  24.337
329.421  759.796  25.529
488.037  759.579  25.592
641.397  760.173  26.477
899.593  759.896  27.252
440.872  760.564  27.116
471.569  761.073  27.206
570.060  761.387  27.050
745.074  760.108  26.932
201.697  762.217  26.891
506.421  761.361  26.144
643.661  761.883  26.380
190.989  762.760  27.553
864.386  763.599  23.192
104.971  764.288  22.905
499.175  763.696  27.372
337.985  764.636  27.940
438.504  765.390  26.804
627.248  765.392  26.377
710.540  765.437  27.259
840.481  765.425  24.699
902.198  765.726  27.850
761.078  766.378  27.976
815.345  766.892  25.985
858.062  768.333  19.712
883.846  766.870  24.924
22.593  767.980  25.267
200.385  768.129  26.770
301.281  767.760  27.191
364.951  767.979  25.197
608.954  767.982  26.375
823.755  767.885  25.614
846.694  767.608  24.902
893.816  768.562  26.670
211.495  769.141  22.319
219.765  769.442  26.911
860.494  768.796  19.916
735.825  769.725  25.983
170.127  770.728  24.360
643.889  771.391  24.414
672.516  771.034  27.359
139.907  771.518  23.714
204.117  771.603  25.945
271.709  771.552  26.333
828.989  771.928  27.697
290.448  773.112  27.715
352.587  772.660  24.365
361.591  773.049  23.995
479.121  773.093  27.401
598.907  773.329  28.120
631.525  773.298  28.072
641.022  772.776  24.245
387.744  773.997  25.864
471.657  773.478  27.714
559.891  774.287  22.422
246.448  774.727  25.955
852.766  775.145  24.059
217.766  776.323  26.414
669.929  776.132  25.550
877.017  775.896  27.224
889.924  775.451  23.396
428.633  777.143  24.805
125.629  777.825  26.973
664.609  778.221  27.353
739.052  778.307  28.202
747.491  778.222  26.422
433.875  778.296  26.520
709.571  779.042  24.841
155.582  779.480  26.320
172.448  780.460  27.094
345.840  780.156  25.666
804.857  780.237  25.417
565.346  780.664  26.301
592.395  780.678  26.287
751.065  780.923  27.199
853.097  779.949  24.942
901.427  780.912  26.593
188.733  781.935  27.763
771.267  781.650  24.277
897.100  781.852  25.619
209.823  782.576  23.857
451.389  783.284  26.568
537.326  782.866  26.783
674.880  782.585  25.203
281.371  783.888  27.777
610.045  783.404  27.451
825.951  783.390  24.032
830.221  784.022  24.489
124.965  785.464  26.033
127.952  785.449  26.088
630.783  784.877  25.011
840.589  784.773  25.928
353.920  786.336  27.688
537.241  787.126  27.010
618.280  786.953  23.149
761.722  786.655  24.461
22.526  787.978  24.587
247.846  788.414  26.650
690.157  788.040  25.653
58.291  788.972  26.348
92.047  788.570  25.092
843.844  788.907  27.638
890.410  788.558  26.356
739.318  789.576  26.589
62.015  790.990  26.671
542.135  791.308  25.625
675.180  790.425  27.986
131.495  792.257  26.526
196.873  792.195  24.161
551.389  792.270  26.377
743.936  792.924  26.407
818.752  792.947  25.581
260.867  793.440  27.740
691.866  794.087  22.750
768.711  793.506  27.894
904.048  794.347  24.792
76.839  795.510  25.296
282.712  795.720  26.396
709.805  796.356  26.022
417.907  797.299  27.592
485.203  796.756  25.304
451.951  798.134  26.181
509.380  798.468  27.119
784.270  797.726  25.590
222.015  799.440  27.463
820.433  799.014  22.544
52.728  799.738  26.188
526.729  800.520  26.887
625.215  799.558  27.658
795.241  799.857  28.070
164.117  801.383  25.165
787.229  800.954  26.486
884.803  800.600  27.279
379.471  802.248  25.671
844.931  801.917  28.357
854.481  801.410  25.819
476.075  803.428  26.159
551.942  803.004  27.253
727.506  803.240  26.499
751.385  802.983  27.647
19.072  804.173  27.047
40.330  804.245  25.042
59.582  803.860  25.592
202.170  803.638  27.404
663.244  803.567  26.722
117.230  805.089  27.978
245.336  804.727  26.544
477.569  805.116  26.121
483.707  804.770  26.735
685.174  805.200  25.842
703.288  805.529  25.317
864.977  804.886  26.993
298.565  806.125  27.139
569.495  805.496  26.590
886.047  805.937  27.245
62.429  807.160  26.512
137.326  807.081  27.404
199.808  807.337  27.788
417.555  806.703  27.600
665.543  806.911  26.728
766.099  806.629  27.338
785.464  806.928  26.677
603.253  808.087  24.182
619.831  807.622  26.646
642.955  807.735  26.158
113.134  808.561  26.697
424.291  809.439  27.628
435.314  809.242  28.080
444.434  809.369  26.306
807.052  808.955  25.158
84.381  810.463  27.905
561.861  809.997  23.427
614.800  810.318  27.745
812.323  809.576  26.053
375.902  810.743  28.124
497.106  811.144  27.129
117.953  812.932  28.033
760.715  813.819  27.260
786.174  813.784  28.209
458.847  814.532  22.838
568.225  814.861  26.096
610.633  815.180  27.140
184.952  815.529  27.199
666.092  815.581  27.536
739.450  816.020  22.701
37.994  816.819  27.670
395.198  816.621  25.171
870.653  817.341  27.285
546.702  817.780  27.747
552.378  817.713  27.051
637.534  817.938  27.281
853.002  817.521  24.111
281.219  818.828  26.555
391.530  819.217  26.083
722.457  819.142  23.879
895.934  819.701  26.854
464.965  820.198  26.942
195.014  821.261  23.023
376.772  820.762  25.735
495.978  821.317  27.353
430.760  822.410  26.233
478.065  821.846  25.856
563.451  822.276  26.956
603.124  822.165  27.224
827.715  821.582  23.870
896.141  821.636  26.809
231.223  823.449  27.605
641.436  822.952  27.265
881.743  823.318  26.013
493.600  823.804  27.338
655.278  823.756  25.056
825.343  823.500  24.000
376.044  825.253  25.599
623.504  825.029  25.406
199.538  825.962  26.452
251.334  825.371  26.155
294.603  826.223  26.859
713.244  825.390  27.396
735.182  826.446  26.906
284.517  827.189  26.502
289.209  826.507  25.452
512.086  827.198  27.138
584.622  826.931  22.744
809.476  826.880  25.509
115.916  827.900  27.420
628.517  827.565  23.481
781.868  828.472  25.602
829.968  827.845  26.932
836.792  827.935  26.844
196.046  828.804  26.763
335.595  828.686  27.861
680.482  829.230  27.005
884.771  828.708  27.481
539.365  829.560  26.509
780.128  829.503  25.795
63.564  830.996  27.258
241.253  831.447  26.680
386.475  831.425  24.865
694.428  831.291  24.062
785.426  831.257  25.767
317.824  831.953  25.581
396.397  831.786  27.256
38.113  832.732  27.229
627.302  833.010  23.857
22.343  833.994  27.444
27.639  833.789  26.707
106.483  833.683  24.533
331.428  834.220  27.250
416.053  834.660  28.076
633.031  834.739  25.800
712.179  835.333  27.359
905.653  835.687  24.509
92.100  836.430  26.505
145.408  835.574  25.997
209.976  836.550  28.278
579.843  835.909  26.338
741.367  835.962  28.210
833.008  836.003  24.437
140.180  836.421  27.074
353.572  836.966  27.075
543.487  837.345  27.599
851.124  836.651  26.557
71.355  837.861  25.933
121.612  838.089  27.250
324.338  837.734  26.832
489.899  837.863  22.681
503.725  838.498  26.468
42.505  839.114  24.460
808.296  838.932  25.195
144.430  839.781  26.089
906.722  840.039  24.143
267.175  841.104  26.207
499.471  841.068  26.638
613.896  840.488  27.050
655.494  840.885  27.734
767.229  840.953  27.136
416.068  841.749  26.785
506.358  842.223  25.613
223.978  843.561  27.712
732.979  843.523  26.489
806.651  843.016  25.900
825.814  842.878  25.856
80.980  843.901  25.478
424.488  843.884  25.972
457.765  843.433  26.187
680.229  843.375  24.859
695.073  844.126  27.045
875.794  843.841  26.813
97.765  845.379  26.356
107.511  844.428  27.258
301.395  845.488  27.643
381.105  845.400  27.036
727.258  845.513  23.956
56.079  846.284  27.151
338.062  845.502  26.480
501.051  846.007  25.101
744.988  845.968  26.060
569.146  847.128  27.381
6.336  847.525  26.744
104.701  848.144  26.137
166.454  848.008  26.638
697.947  848.010  26.771
796.177  848.655  26.689
834.106  847.735  21.555
94.070  849.241  24.965
168.791  849.470  26.614
225.604  849.286  27.839
101.534  849.690  26.139
271.804  850.054  28.282
604.490  850.020  25.715
855.915  850.014  23.884
115.141  850.936  24.912
142.277  850.801  26.516
159.690  851.009  26.945
510.399  850.993  25.609
666.957  851.381  22.916
837.502  850.536  20.636
883.364  851.053  24.660
895.115  851.190  27.795
253.434  852.351  22.466
557.880  852.141  24.602
402.789  852.574  27.864
447.683  853.293  23.030
619.097  852.926  26.894
784.622  853.374  26.797
873.846  853.308  27.151
120.155  853.847  27.383
229.051  854.243  27.098
312.703  853.494  26.903
764.092  853.830  28.140
859.874  853.907  26.201
12.615  854.587  27.007
377.139  854.499  26.898
755.625  854.393  26.145
779.157  854.764  26.724
251.361  854.883  22.834
817.442  855.877  27.034
424.553  856.478  24.954
802.621  856.603  23.060
854.820  856.897  26.816
189.098  858.514  25.628
453.989  858.285  26.600
198.148  859.037  27.186
413.364  859.765  27.149
468.956  859.772  26.088
505.565  859.633  24.980
592.143  859.536  27.002
825.903  859.696  24.840
834.400  858.943  25.576
695.609  860.356  25.493
6.132  862.356  28.462
601.469  862.022  27.397
479.203  862.704  24.677
707.871  862.504  27.377
872.089  862.977  26.632
683.063  863.819  27.486
831.035  864.361  26.343
904.820  864.372  26.111
325.125  865.339  24.658
423.238  865.035  25.050
804.835  865.192  24.579
64.877  865.704  26.504
504.258  865.465  27.481
520.282  865.954  27.765
662.213  865.980  27.191
671.952  865.421  27.660
31.411  867.030  27.461
391.004  867.260  26.980
880.789  867.145  26.657
259.983  868.489  21.329
339.313  867.779  26.672
779.675  868.292  27.128
857.369  868.474  26.543
143.667  869.048  26.828
322.530  869.264  24.437
537.774  870.402  25.367
821.096  870.363  22.723
47.184  871.029  25.378
97.493  871.077  26.620
161.368  871.592  25.089
426.695  870.646  27.108
580.910  871.217  25.952
791.403  870.642  27.400
126.689  872.279  27.918
181.985  872.120  27.159
521.290  872.136  27.456
891.469  871.901  27.414
546.287  872.867  23.481
759.328  873.089  27.684
809.740  873.005  25.990
483.887  874.334  27.873
513.082  873.499  27.491
607.095  874.221  26.602
220.083  875.185  27.581
418.233  875.320  27.508
198.563  876.446  27.697
554.829  876.332  27.584
563.303  875.577  26.461
856.407  875.987  27.596
367.703  876.971  26.756
700.160  877.164  26.905
708.546  876.525  24.665
765.458  878.168  25.587
5.674  878.578  26.691
268.197  878.902  25.830
329.351  879.416  23.516
384.400  879.277  23.336
427.027  879.133  23.858
827.826  879.068  26.701
904.462  878.734  26.823
129.858  880.407  28.214
540.840  879.814  26.911
656.121  879.930  25.498
758.455  879.972  26.786
265.150  880.813  25.752
411.444  880.852  26.846
445.214  881.507  27.194
787.377  881.088  26.709
874.964  881.089  27.258
254.687  881.812  27.434
322.243  882.148  26.745
456.768  882.338  26.632
664.357  882.337  25.413
124.057  882.507  27.225
317.001  882.993  25.197
380.545  882.976  24.751
467.132  883.223  25.309
698.788  883.793  24.880
327.486  885.133  26.051
429.335  884.833  26.595
565.883  885.075  26.610
622.762  886.356  25.118
713.510  886.469  25.892
189.397  886.458  26.098
218.532  887.375  23.549
93.140  887.750  26.357
569.535  887.312  26.695
595.260  888.181  24.754
661.255  887.950  24.181
854.800  888.136  27.090
872.390  887.957  25.137
137.697  889.042  26.070
248.344  889.340  25.748
280.385  888.805  25.982
630.512  889.252  26.264
899.611  889.322  27.539
303.192  889.820  25.419
663.575  890.131  23.990
735.790  889.789  25.503
333.401  891.322  26.551
707.411  890.836  27.163
48.117  892.478  25.442
616.213  892.162  27.091
148.737  892.862  24.101
227.850  893.107  26.363
637.424  893.180  26.811
645.978  894.061  26.623
847.865  893.631  26.807
9.231  894.065  24.573
314.945  894.044  26.892
794.967  893.574  25.141
13.592  895.250  25.700
552.463  895.403  27.028
647.424  894.647  26.614
753.956  895.145  24.531
179.188  895.939  23.339
249.829  895.974  27.093
663.226  895.817  26.503
699.344  896.313  27.319
858.262  896.039  26.671
420.623  897.015  26.883
474.630  897.049  25.559
531.996  897.271  26.173
614.993  897.213  26.987
150.854  898.028  26.356
577.616  897.421  27.501
895.325  898.183  27.466
124.247  898.940  26.905
292.169  899.103  23.430
357.328  899.248  27.829
519.455  899.017  27.370
659.514  898.662  26.397
668.743  899.549  25.661
789.946  900.196  26.222
479.842  899.813  23.601
539.234  900.136  25.430
544.543  899.878  26.830
857.851  899.564  26.540
887.261  900.009  23.949
911.643  900.530  24.518
427.061  901.143  23.154
459.281  901.226  26.202
788.758  900.991  26.335
901.508  900.706  26.357
339.251  902.382  26.574
606.146  902.749  26.436
606.956  903.155  26.468
816.910  902.565  24.070
73.478  904.180  26.562
134.712  904.128  26.513
267.755  903.596  26.852
377.347  903.775  27.583
403.641  903.444  23.977
910.631  903.956  24.274
256.382  905.497  26.749
563.417  904.468  26.996
491.330  905.980  24.942
34.593  907.313  28.114
111.486  906.524  26.849
243.193  907.211  27.659
869.891  907.656  26.081
882.243  906.368  27.287
360.072  907.742  27.868
782.792  908.317  27.279
756.627  908.734  25.976
794.414  909.095  25.628
832.200  909.283  27.392
248.910  909.886  26.788
374.898  910.338  26.457
431.527  910.138  26.245
739.415  910.127  24.143
265.151  911.179  23.392
479.850  911.274  26.870
582.937  911.818  25.330
715.550  912.110  26.646
816.870  912.171  26.642
865.287  912.053  23.297
825.118  913.296  27.055
91.964  914.015  26.823
148.829  913.704  27.427
461.383  914.063  26.078
513.366  914.228  26.885
325.874  915.292  24.809
672.575  915.017  25.863
695.518  915.436  26.113
80.037  916.578  26.771
817.778  915.656  26.423
902.772  915.844  24.861
560.809  917.103  25.091
538.547  918.367  26.034
276.846  919.264  27.531
427.182  918.503  26.526
529.714  918.957  25.739
573.806  918.710  23.964
845.538  918.978  24.964
25.895  919.859  26.446
503.184  920.229  24.853
833.771  919.502  24.553
899.666  920.415  25.009
699.062  921.282  25.452
888.599  921.022  25.414
195.221  921.725  24.886
650.777  921.363  26.687
812.914  922.461  26.676
228.056  923.058  28.186
589.723  922.699  26.387
640.714  923.262  27.218
665.971  923.308  26.158
747.884  923.549  26.388
792.130  923.510  27.076
263.935  924.323  24.244
477.536  924.915  26.216
603.077  924.814  24.231
733.832  925.490  26.343
40.810  926.095  26.777
583.153  925.973  24.310
629.836  926.253  26.808
461.354  926.685  25.556
517.953  926.420  24.775
743.903  927.189  25.806
797.476  927.164  26.299
835.498  926.801  27.428
74.500  928.206  26.855
371.362  927.633  27.250
612.423  928.066  26.332
670.473  928.598  25.882
787.143  928.173  26.559
58.800  928.474  25.431
321.523  929.283  22.921
624.926  928.862  26.217
674.020  929.093  26.126
897.769  928.588  25.409
26.968  930.311  28.517
667.136  929.808  26.326
791.254  929.403  26.800
818.469  929.462  22.618
133.915  930.900  27.596
912.816  930.967  25.577
593.399  931.995  25.098
159.500  932.644  26.163
269.008  933.169  27.011
707.570  933.033  24.788
746.772  932.818  27.349
757.432  932.522  22.871
525.148  933.571  26.327
616.054  933.665  26.142
663.775  933.912  26.041
838.814  934.016  25.554
107.122  935.336  26.212
187.800  935.553  27.077
215.416  934.464  26.113
901.912  935.341  26.515
204.520  935.815  27.350
375.732  935.904  27.103
523.119  935.858  26.129
621.822  935.943  27.224
819.614  936.233  25.551
845.306  936.055  26.688
459.916  936.778  26.893
805.176  936.999  25.607
670.425  937.285  27.872
686.932  938.352  25.690
770.483  937.758  27.080
911.339  937.730  26.701
552.865  939.258  27.629
653.593  939.199  26.962
838.100  939.297  24.480
275.885  940.474  27.662
308.671  940.528  24.306
500.075  941.031  24.893
525.112  940.362  25.852
560.300  941.179  24.374
644.336  941.335  26.924
904.731  940.521  25.205
172.996  942.097  28.175
797.367  941.917  27.312
830.592  941.585  20.437
86.364  943.303  26.068
111.787  943.557  27.333
226.335  943.151  27.123
316.834  942.922  26.467
817.237  942.595  26.160
98.634  943.674  25.091
348.084  944.545  27.024
857.558  944.084  24.012
904.522  944.333  25.359
45.293  945.301  28.430
86.046  945.036  26.119
93.254  945.083  25.297
148.598  944.891  25.055
524.958  945.429  25.843
574.380  944.895  27.201
710.197  944.572  23.622
122.853  946.256  27.522
476.911  945.259  27.237
482.664  946.014  26.597
520.444  945.605  25.447
790.648  945.881  26.578
908.181  945.528  25.919
297.159  946.847  27.865
827.789  944.537  21.403
156.716  947.879  28.846
751.957  948.086  23.434
912.229  948.201  25.941
15.763  949.203  27.391
640.731  948.984  27.155
540.491  949.593  25.036
598.985  949.952  26.366
654.875  950.283  25.817
768.507  950.010  26.874
143.722  951.032  28.061
430.982  951.509  26.737
504.268  951.356  25.051
102.555  952.009  27.847
361.168  952.253  25.982
454.501  951.795  26.435
185.627  953.066  23.923
469.974  952.739  26.922
859.176  953.296  24.695
900.334  952.959  26.851
909.035  952.411  24.854
41.790  954.063  26.481
797.222  954.151  26.708
542.055  955.131  26.639
680.577  955.287  26.290
583.468  955.764  26.715
806.731  955.494  26.688
234.438  956.968  26.297
462.631  957.873  23.111
472.918  958.087  26.887
566.301  958.361  26.303
677.300  957.806  26.112
145.071  958.580  24.016
230.954  958.754  26.005
331.970  958.868  25.247
596.524  958.755  27.881
216.151  959.692  26.230
250.947  959.547  27.884
291.400  960.698  26.422
348.112  960.518  24.693
380.712  959.567  25.854
739.086  959.964  24.604
219.645  960.480  26.053
799.292  960.845  26.632
115.216  961.926  26.705
375.113  962.222  27.464
137.424  963.061  26.796
389.370  962.914  25.281
664.295  964.358  27.807
671.715  964.067  27.247
809.206  964.352  25.550
23.617  965.219  28.163
49.320  965.308  27.689
233.496  965.486  25.361
625.558  965.122  25.712
677.986  965.260  25.229
5.364  966.024  26.730
37.029  965.532  25.605
517.129  966.344  27.172
539.252  966.538  22.377
281.233  966.866  27.502
362.773  967.375  28.165
369.657  967.295  26.768
406.198  966.701  24.024
572.907  967.359  26.544
592.036  968.023  27.069
863.098  967.727  25.363
414.608  968.461  24.997
573.699  968.189  26.486
238.691  969.627  26.699
505.198  970.120  27.585
649.538  970.201  26.688
703.134  969.675  25.687
226.652  971.635  25.932
418.466  971.507  26.323
462.494  971.857  25.172
895.666  972.087  27.433
292.656  972.748  27.573
318.588  972.212  25.762
595.012  972.521  27.597
693.760  973.374  27.049
245.807  974.022  27.170
10.398  975.018  27.477
492.610  974.665  26.141
717.127  975.339  27.733
750.321  974.910  25.833
795.843  974.697  26.435
34.447  975.682  27.157
72.242  975.962  25.275
352.881  976.229  27.654
644.677  976.393  24.516
771.121  976.231  27.235
802.667  976.153  24.473
336.852  977.217  27.532
519.534  976.764  27.080
614.362  976.672  23.961
665.222  977.575  25.654
501.143  977.771  24.205
530.687  978.423  25.718
856.001  977.741  25.292
86.072  978.702  25.937
173.828  979.555  25.941
184.535  979.500  27.129
441.402  978.826  27.236
144.307  980.051  25.714
388.436  979.745  27.533
680.974  980.264  26.621
720.242  980.249  26.633
246.482  981.453  25.675
287.029  980.838  27.754
861.813  981.302  25.169
72.504  982.056  27.345
565.131  982.107  27.490
708.732  981.583  25.992
740.195  981.815  27.846
852.961  982.182  24.255
871.885  982.643  27.944
164.607  982.662  28.054
417.481  982.814  25.686
475.166  982.736  26.753
494.842  982.964  25.559
196.016  983.541  25.102
350.292  984.535  25.467
612.590  983.381  27.010
639.906  983.441  22.670
776.976  984.116  25.948
877.620  984.147  25.072
900.379  983.759  23.322
455.342  984.683  27.017
792.965  984.623  27.996
894.005  985.217  26.558
62.558  986.921  26.550
670.978  987.062  25.157
724.955  987.037  27.356
389.562  988.072  25.624
422.379  987.675  26.872
600.030  987.870  26.916
115.168  989.074  26.054
219.214  988.444  24.402
520.193  988.495  27.497
692.441  989.451  27.029
677.018  989.970  21.539
378.618  990.829  24.921
548.862  991.044  24.736
785.755  991.525  27.844
841.327  991.126  19.560
95.280  991.808  28.173
457.090  992.586  27.023
544.219  991.870  25.540
764.448  992.285  23.335
150.172  994.342  27.077
598.176  994.369  27.753
621.077  994.203  26.963
776.728  994.059  26.957
39.406  995.338  19.299
856.855  995.507  26.096
191.949  996.009  26.984
823.194  996.237  26.096
56.710  997.146  26.414
196.068  996.588  27.044
765.038  996.917  22.418
789.501  997.043  27.403
835.704  996.242  23.062
876.547  997.270  21.564
892.575  996.342  27.999
29.401  997.994  24.714
319.328  997.764  26.102
468.028  997.635  22.892
605.472  997.874  25.223
901.907  998.219  26.934
219.738  999.109  25.223
255.414  998.859  25.301
576.226  999.281  27.377
635.073  999.373  25.546
630.897  999.989  26.297
679.461  999.838  24.599
716.891  999.509  24.981
758.589  1000.464  25.257
195.854  1000.714  26.684
415.112  1001.051  24.422
741.507  1001.412  24.951
86.924  1002.119  26.391
162.953  1002.481  27.945
206.363  1002.490  28.185
351.947  1002.143  27.252
533.234  1001.737  27.511
259.096  1002.529  23.306
346.390  1003.112  26.481
428.544  1003.223  27.680
497.217  1003.466  26.198
598.441  1002.966  26.247
695.628  1003.432  26.972
128.823  1003.854  26.330
149.817  1003.944  28.435
317.962  1005.402  26.155
503.568  1004.593  22.533
536.465  1004.624  27.199
712.657  1004.480  25.753
799.120  1005.007  27.958
45.659  1005.721  24.851
114.908  1006.573  25.305
184.101  1006.293  24.723
835.723  1005.458  24.696
133.977  1007.002  24.323
334.847  1006.882  26.771
523.459  1006.574  27.845
568.333  1007.599  26.860
863.972  1006.848  25.896
220.864  1008.452  27.480
230.720  1008.127  26.654
381.793  1008.110  25.228
597.988  1007.641  26.769
393.584  1008.734  27.121
419.354  1008.772  26.741
580.703  1008.494  26.412
687.193  1009.045  25.105
837.493  1009.027  24.805
176.393  1009.792  27.540
346.389  1009.401  27.243
401.458  1010.095  26.753
853.004  1009.901  26.307
893.543  1009.974  23.125
318.830  1011.529  27.113
382.093  1011.097  25.171
612.721  1011.227  25.987
882.535  1011.132  29.756
903.261  1011.147  25.691
850.032  1012.514  25.925
839.564  1012.820  25.397
265.968  1013.966  27.440
401.529  1013.724  26.699
431.792  1013.597  27.619
630.344  1013.873  26.492
474.093  1014.651  27.709
555.230  1014.815  27.204
688.530  1015.029  26.179
774.130  1014.481  27.792
279.283  1015.752  27.102
522.609  1016.118  26.615
782.177  1016.453  27.816
828.090  1015.617  26.826
880.982  1015.607  26.988
54.295  1016.947  28.405
119.823  1016.777  26.757
134.933  1017.426  26.823
163.073  1017.713  26.712
253.862  1017.759  27.426
288.595  1017.969  27.166
702.498  1018.382  27.055
876.703  1018.468  25.962
909.512  1018.339  22.789
25.270  1018.631  26.660
696.098  1019.467  26.640
800.455  1018.945  26.289
818.228  1019.082  24.630
34.695  1019.726  27.145
301.725  1020.774  25.809
374.693  1020.293  26.888
525.577  1020.097  26.987
907.240  1018.275  22.792
304.294  1021.161  25.791
369.373  1021.710  26.253
424.185  1022.407  26.253
462.770  1021.930  25.885
541.102  1021.443  27.140
553.398  1022.416  24.837
900.217  1021.784  26.446
26.973  1022.523  26.758
171.964  1022.607  26.734
438.464  1023.259  25.615
724.623  1022.852  25.032
373.409  1024.451  26.687
348.306  1024.463  26.669
484.148  1024.818  27.132
741.445  1025.415  25.109
829.067  1025.048  23.179
385.470  1026.280  26.672
468.835  1025.753  27.522
503.826  1025.570  26.830
773.842  1025.522  27.703
152.873  1026.944  24.125
187.003  1027.332  27.149
657.385  1026.738  27.773
788.280  1027.048  25.883
852.072  1026.389  27.217
886.064  1027.366  25.776
567.430  1028.114  26.083
741.965  1026.958  25.044
809.107  1028.178  27.595
603.995  1028.367  25.291
626.896  1028.923  24.714
427.443  1030.024  26.850
616.424  1030.590  24.388
666.832  1030.469  27.480
682.029  1029.456  26.168
734.037  1029.960  24.676
889.379  1029.214  26.082
136.912  1030.669  27.721
555.123  1031.433  26.824
696.214  1030.791  26.968
793.631  1031.080  27.498
904.057  1030.672  27.729
911.471  1030.987  24.819
754.342  1033.123  24.696
800.799  1033.241  25.664
109.937  1034.166  27.716
132.939  1034.208  28.240
340.256  1033.435  24.921
739.708  1033.995  22.483
490.422  1035.036  27.651
577.348  1034.433  26.148
795.638  1034.954  27.205
886.164  1035.500  27.487
608.310  1036.044  25.925
188.819  1036.483  27.926
648.326  1037.226  24.006
832.758  1036.679  27.763
879.073  1036.573  27.465
895.640  1036.711  24.219
359.494  1037.751  28.007
805.415  1038.033  26.501
406.501  1039.128  26.052
480.540  1038.660  26.359
572.047  1038.579  25.719
619.472  1039.130  25.010
874.586  1039.474  26.916
498.080  1039.521  26.239
710.228  1040.559  27.359
130.794  1041.251  27.976
279.179  1041.306  27.927
778.081  1040.757  27.470
861.571  1041.095  27.655
885.216  1040.434  26.877
170.294  1041.432  23.513
346.837  1042.217  27.703
467.556  1042.337  26.801
541.060  1042.141  28.163
791.486  1041.833  25.184
29.029  1042.906  26.817
244.014  1043.436  24.806
370.368  1043.476  24.405
385.532  1043.761  27.332
592.262  1043.802  26.390
758.911  1044.147  26.488
902.097  1044.328  25.913
224.218  1044.771  26.135
287.506  1044.935  26.789
776.199  1045.414  26.822
833.194  1046.551  27.736
904.862  1045.869  26.148
237.449  1047.179  27.958
822.031  1047.377  26.344
849.609  1047.339  25.939
899.714  1046.585  26.276
741.997  1048.220  24.156
762.054  1047.998  26.070
911.099  1047.769  26.106
395.340  1048.451  26.244
536.813  1049.519  26.445
702.182  1049.359  25.565
174.130  1049.750  25.922
260.989  1049.886  27.998
288.964  1050.324  25.925
790.725  1049.785  27.671
806.435  1049.871  26.985
231.290  1050.431  27.234
381.420  1051.433  26.675
676.288  1050.451  26.739
715.858  1051.237  27.228
750.869  1051.174  24.271
784.419  1051.262  25.964
838.833  1050.664  26.096
78.677  1052.470  26.979
561.138  1052.003  27.107
638.767  1052.399  26.673
867.727  1051.439  25.225
198.893  1052.766  23.425
239.709  1052.861  26.550
505.636  1052.802  26.302
607.565  1052.833  27.536
797.966  1053.389  25.633
404.995  1053.477  28.070
508.865  1053.864  26.032
759.638  1053.936  24.324
439.412  1054.714  25.431
613.243  1054.963  28.076
810.871  1055.126  27.817
838.025  1054.690  26.257
281.906  1056.103  27.959
371.864  1056.312  27.158
466.293  1056.560  26.699
516.470  1056.101  22.133
343.425  1056.656  24.072
477.874  1057.161  25.352
571.930  1057.162  26.591
592.925  1056.843  28.118
667.309  1056.560  26.116
683.280  1057.338  26.917
735.074  1056.779  27.203
792.393  1056.581  27.340
875.177  1057.074  26.674
241.475  1058.692  27.380
495.194  1058.025  26.878
548.213  1058.125  27.204
637.066  1057.867  26.807
671.070  1057.181  26.501
763.900  1058.018  26.695
91.795  1059.207  27.550
196.099  1058.860  25.946
460.123  1058.493  27.526
600.716  1059.098  26.851
714.183  1058.669  25.325
43.810  1059.646  29.129
98.519  1060.491  25.269
193.430  1060.095  26.093
755.173  1061.042  23.797
886.083  1060.818  24.183
469.826  1061.863  26.860
573.649  1061.919  27.462
826.223  1062.341  27.414
321.924  1062.722  25.804
711.625  1062.568  26.197
30.955  1063.836  26.756
103.999  1063.731  26.946
337.196  1064.053  27.392
582.464  1064.416  24.222
635.201  1063.803  26.951
116.332  1065.128  26.454
497.833  1065.380  27.721
702.147  1064.597  24.458
758.655  1065.196  25.643
850.425  1064.977  26.708
859.231  1065.374  22.883
299.497  1065.517  25.567
425.390  1065.942  25.481
428.138  1065.629  25.467
748.940  1066.152  26.093
138.037  1066.517  27.330
177.119  1067.163  25.760
246.334  1066.702  27.560
373.465  1066.453  25.122
518.568  1067.154  26.604
195.551  1068.042  27.805
257.839  1067.602  28.047
270.971  1067.488  23.785
502.812  1067.791  27.477
663.416  1067.954  25.995
705.196  1067.733  25.256
12.109  1069.151  27.608
59.587  1068.507  27.662
182.969  1069.459  24.802
483.788  1068.922  25.517
622.325  1069.022  26.630
855.673  1067.678  23.936
882.101  1069.369  28.023
414.701  1070.063  25.888
437.593  1070.025  26.011
524.818  1070.464  27.220
542.455  1069.674  26.932
642.661  1069.687  25.436
560.167  1071.127  26.918
658.246  1071.079  26.828
690.448  1071.097  26.304
572.083  1072.206  28.235
117.871  1073.588  26.717
471.651  1073.203  25.223
628.841  1073.299  27.007
722.937  1072.939  26.180
865.990  1072.609  26.733
10.596  1074.481  27.433
288.414  1073.476  27.294
453.720  1073.965  27.037
663.672  1073.651  26.042
706.652  1074.260  26.956
171.324  1074.933  25.847
234.816  1075.642  26.634
252.936  1075.126  26.860
30.948  1075.823  28.148
443.321  1075.534  26.850
773.492  1075.682  25.516
782.501  1076.974  23.221
794.144  1076.510  25.482
262.436  1077.737  26.921
306.969  1077.419  27.305
588.920  1077.706  23.306
607.766  1078.181  27.225
665.423  1078.082  26.183
769.579  1078.203  26.395
840.264  1077.965  27.646
6.361  1078.989  25.802
478.630  1079.387  24.601
583.058  1078.951  26.048
632.955  1078.735  25.778
816.126  1079.364  26.342
