0 0.300393
0.00250125 0.300035
0.0050025 0.300716
0.00750375 0.300436
0.010005 0.300197
0.0125063 0.300997
0.0150075 0.300836
0.0175088 0.300716
0.02001 0.300635
0.0225113 0.300593
0.0250125 0.300592
0.0275138 0.30063
0.030015 0.300707
0.0325163 0.300825
0.0350175 0.300982
0.0375188 0.300178
0.04002 0.300415
0.0425213 0.300691
0.0450225 0.300006
0.0475238 0.300362
0.050025 0.300757
0.0525263 0.300191
0.0550275 0.300665
0.0575288 0.300179
0.06003 0.300733
0.0625313 0.300326
0.0650325 0.300959
0.0675338 0.300632
0.070035 0.300344
0.0725363 0.300096
0.0750375 0.300887
0.0775388 0.300719
0.08004 0.300589
0.0825413 0.3005
0.0850425 0.30045
0.0875438 0.30044
0.090045 0.30047
0.0925463 0.300539
0.0950475 0.300648
0.0975488 0.300796
0.10005 0.299984
0.102551 0.299212
0.105053 0.298479
0.107554 0.297787
0.110055 0.297133
0.112556 0.29652
0.115058 0.295946
0.117559 0.295412
0.12006 0.294917
0.122561 0.294462
0.125063 0.294047
0.127564 0.293671
0.130065 0.293335
0.132566 0.293039
0.135068 0.292783
0.137569 0.292566
0.14007 0.292388
0.142571 0.292251
0.145073 0.292153
0.147574 0.292095
0.150075 0.292076
0.152576 0.292097
0.155078 0.292158
0.157579 0.292258
0.16008 0.292398
0.162581 0.292578
0.165083 0.292797
0.167584 0.293056
0.170085 0.293355
0.172586 0.293693
0.175088 0.294071
0.177589 0.294488
0.18009 0.294946
0.182591 0.295443
0.185093 0.295979
0.187594 0.296556
0.190095 0.297171
0.192596 0.297827
0.195098 0.298522
0.197599 0.299257
0.2001 0.300032
0.202601 0.300846
0.205103 0.301698
0.207604 0.302588
0.210105 0.303513
0.212606 0.304473
0.215108 0.305466
0.217609 0.306491
0.22011 0.307547
0.222611 0.308633
0.225113 0.309747
0.227614 0.310888
0.230115 0.312054
0.232616 0.313245
0.235118 0.31446
0.237619 0.315696
0.24012 0.316954
0.242621 0.31823
0.245123 0.319525
0.247624 0.320837
0.250125 0.322165
0.252626 0.323507
0.255128 0.324862
0.257629 0.32623
0.26013 0.327608
0.262631 0.328995
0.265133 0.330391
0.267634 0.331793
0.270135 0.333201
0.272636 0.334614
0.275138 0.336029
0.277639 0.337447
0.28014 0.338865
0.282641 0.340283
0.285143 0.341698
0.287644 0.343111
0.290145 0.344519
0.292646 0.345922
0.295148 0.347317
0.297649 0.348704
0.30015 0.350082
0.302651 0.351451
0.305153 0.352814
0.307654 0.354177
0.310155 0.355545
0.312656 0.356922
0.315158 0.358315
0.317659 0.359727
0.32016 0.361164
0.322661 0.362631
0.325163 0.364133
0.327664 0.365675
0.330165 0.367262
0.332666 0.368899
0.335168 0.370592
0.337669 0.372344
0.34017 0.374161
0.342671 0.376049
0.345173 0.378012
0.347674 0.380055
0.350175 0.382183
0.352676 0.384401
0.355178 0.386715
0.357679 0.389129
0.36018 0.391649
0.362681 0.394279
0.365183 0.397025
0.367684 0.39989
0.370185 0.402882
0.372686 0.406004
0.375188 0.409261
0.377689 0.412659
0.38019 0.416203
0.382691 0.419897
0.385193 0.423747
0.387694 0.427758
0.390195 0.431934
0.392696 0.436282
0.395198 0.440805
0.397699 0.445508
0.4002 0.450398
0.402701 0.455472
0.405203 0.460706
0.407704 0.466071
0.410205 0.471541
0.412706 0.477087
0.415208 0.48268
0.417709 0.488294
0.42021 0.493899
0.422711 0.499467
0.425213 0.504971
0.427714 0.510382
0.430215 0.515673
0.432716 0.520815
0.435218 0.52578
0.437719 0.53054
0.44022 0.535067
0.442721 0.539333
0.445223 0.54331
0.447724 0.546969
0.450225 0.550283
0.452726 0.55324
0.455228 0.555875
0.457729 0.558235
0.46023 0.560366
0.462731 0.562312
0.465233 0.56412
0.467734 0.565835
0.470235 0.567503
0.472736 0.56917
0.475238 0.570882
0.477739 0.572683
0.48024 0.57462
0.482741 0.576739
0.485243 0.579085
0.487744 0.581704
0.490245 0.584642
0.492746 0.587943
0.495248 0.591655
0.497749 0.595822
0.50025 0.600491
0.502751 0.605687
0.505253 0.611379
0.507754 0.617526
0.510255 0.624085
0.512756 0.631014
0.515258 0.638271
0.517759 0.645815
0.52026 0.653602
0.522761 0.661592
0.525263 0.669742
0.527764 0.67801
0.530265 0.686354
0.532766 0.694732
0.535268 0.703102
0.537769 0.711423
0.54027 0.719651
0.542771 0.727745
0.545273 0.735664
0.547774 0.743364
0.550275 0.750804
0.552776 0.757955
0.555278 0.764818
0.557779 0.771404
0.56028 0.777724
0.562781 0.783785
0.565283 0.789599
0.567784 0.795175
0.570285 0.800522
0.572786 0.805651
0.575288 0.81057
0.577789 0.81529
0.58029 0.81982
0.582791 0.82417
0.585293 0.828351
0.587794 0.83237
0.590295 0.836239
0.592796 0.839966
0.595298 0.843562
0.597799 0.847036
0.6003 0.850398
0.602801 0.853656
0.605303 0.856814
0.607804 0.859875
0.610305 0.862843
0.612806 0.865721
0.615308 0.868511
0.617809 0.871218
0.62031 0.873844
0.622811 0.876393
0.625313 0.878868
0.627814 0.881271
0.630315 0.883607
0.632816 0.885879
0.635318 0.888089
0.637819 0.890242
0.64032 0.892339
0.642821 0.894385
0.645323 0.896383
0.647824 0.898335
0.650325 0.900246
0.652826 0.902117
0.655328 0.90395
0.657829 0.905742
0.66033 0.907496
0.662831 0.90921
0.665333 0.910885
0.667834 0.912521
0.670335 0.914116
0.672836 0.915673
0.675338 0.917189
0.677839 0.918666
0.68034 0.920102
0.682841 0.921499
0.685343 0.922856
0.687844 0.924173
0.690345 0.92545
0.692846 0.926686
0.695348 0.927882
0.697849 0.929038
0.70035 0.930154
0.702851 0.931229
0.705353 0.932264
0.707854 0.933261
0.710355 0.93422
0.712856 0.935141
0.715358 0.936026
0.717859 0.936876
0.72036 0.93769
0.722861 0.938471
0.725363 0.939218
0.727864 0.939932
0.730365 0.940615
0.732866 0.941267
0.735368 0.941888
0.737869 0.94248
0.74037 0.943044
0.742871 0.94358
0.745373 0.944088
0.747874 0.944571
0.750375 0.945028
0.752876 0.94546
0.755378 0.945868
0.757879 0.946253
0.76038 0.946616
0.762881 0.946957
0.765383 0.947277
0.767884 0.947578
0.770385 0.947859
0.772886 0.948121
0.775388 0.948366
0.777889 0.948594
0.78039 0.948807
0.782891 0.949003
0.785393 0.949185
0.787894 0.949354
0.790395 0.949509
0.792896 0.949653
0.795398 0.949784
0.797899 0.949906
0.8004 0.950017
0.802901 0.950119
0.805403 0.950213
0.807904 0.950298
0.810405 0.950374
0.812906 0.950443
0.815408 0.950504
0.817909 0.950557
0.82041 0.950603
0.822911 0.950643
0.825413 0.950676
0.827914 0.950702
0.830415 0.950723
0.832916 0.950737
0.835418 0.950746
0.837919 0.950751
0.84042 0.95075
0.842921 0.950744
0.845423 0.950735
0.847924 0.950721
0.850425 0.950703
0.852926 0.950682
0.855428 0.950658
0.857929 0.950631
0.86043 0.950601
0.862931 0.950568
0.865433 0.950534
0.867934 0.950498
0.870435 0.950461
0.872936 0.950422
0.875438 0.950382
0.877939 0.950341
0.88044 0.950301
0.882941 0.95026
0.885443 0.950219
0.887944 0.950179
0.890445 0.950139
0.892946 0.950101
0.895448 0.950063
0.897949 0.950028
0.90045 0.949994
0.902951 0.949962
0.905453 0.949933
0.907954 0.949905
0.910455 0.94988
0.912956 0.949856
0.915458 0.949834
0.917959 0.949815
0.92046 0.949797
0.922961 0.94978
0.925463 0.949766
0.927964 0.949754
0.930465 0.949743
0.932966 0.949734
0.935468 0.949726
0.937969 0.94972
0.94047 0.949716
0.942971 0.949713
0.945473 0.949712
0.947974 0.949713
0.950475 0.949714
0.952976 0.949718
0.955478 0.949722
0.957979 0.949728
0.96048 0.949735
0.962981 0.949744
0.965483 0.949754
0.967984 0.949765
0.970485 0.949777
0.972986 0.949791
0.975488 0.949805
0.977989 0.949821
0.98049 0.949837
0.982991 0.949855
0.985493 0.949874
0.987994 0.949893
0.990495 0.949914
0.992996 0.949935
0.995498 0.949958
0.997999 0.949981
1.0005 0.950005
1.003 0.95003
1.0055 0.950055
1.008 0.950081
1.01051 0.950108
1.01301 0.950136
1.01551 0.950164
1.01801 0.950193
1.02051 0.950223
1.02301 0.950253
1.02551 0.950284
1.02801 0.950316
1.03052 0.950349
1.03302 0.950382
1.03552 0.950416
1.03802 0.95045
1.04052 0.950486
1.04302 0.950521
1.04552 0.950558
1.04802 0.950595
1.05053 0.950632
1.05303 0.950671
1.05553 0.95071
1.05803 0.950749
1.06053 0.950789
1.06303 0.95083
1.06553 0.950871
1.06803 0.950913
1.07054 0.950955
1.07304 0.950998
1.07554 0.951041
1.07804 0.951085
1.08054 0.95113
1.08304 0.951175
1.08554 0.95122
1.08804 0.951266
1.09055 0.951313
1.09305 0.95136
1.09555 0.951407
1.09805 0.951455
1.10055 0.951503
1.10305 0.951552
1.10555 0.951601
1.10805 0.951651
1.11056 0.951701
1.11306 0.951752
1.11556 0.951803
1.11806 0.951854
1.12056 0.951906
1.12306 0.951959
1.12556 0.952011
1.12806 0.952064
1.13057 0.952118
1.13307 0.952171
1.13557 0.952225
1.13807 0.95228
1.14057 0.952335
1.14307 0.95239
1.14557 0.952445
1.14807 0.952501
1.15058 0.952557
1.15308 0.952614
1.15558 0.95267
1.15808 0.952727
1.16058 0.952785
1.16308 0.952842
1.16558 0.9529
1.16808 0.952958
1.17059 0.953017
1.17309 0.953075
1.17559 0.953134
1.17809 0.953193
1.18059 0.953253
1.18309 0.953312
1.18559 0.953372
1.18809 0.953432
1.1906 0.953492
1.1931 0.953552
1.1956 0.953613
1.1981 0.953673
1.2006 0.953734
1.2031 0.953795
1.2056 0.953856
1.2081 0.953918
1.21061 0.953979
1.21311 0.954041
1.21561 0.954102
1.21811 0.954164
1.22061 0.954226
1.22311 0.954288
1.22561 0.95435
1.22811 0.954412
1.23062 0.954474
1.23312 0.954537
1.23562 0.954599
1.23812 0.954661
1.24062 0.954724
1.24312 0.954786
1.24562 0.954849
1.24812 0.954911
1.25063 0.954974
1.25313 0.955036
1.25563 0.955099
1.25813 0.955161
1.26063 0.955224
1.26313 0.955286
1.26563 0.955349
1.26813 0.955411
1.27064 0.955474
1.27314 0.955536
1.27564 0.955598
1.27814 0.955661
1.28064 0.955723
1.28314 0.955785
1.28564 0.955847
1.28814 0.955909
1.29065 0.95597
1.29315 0.956032
1.29565 0.956093
1.29815 0.956155
1.30065 0.956216
1.30315 0.956277
1.30565 0.956338
1.30815 0.956399
1.31066 0.95646
1.31316 0.95652
1.31566 0.95658
1.31816 0.95664
1.32066 0.9567
1.32316 0.95676
1.32566 0.956819
1.32816 0.956879
1.33067 0.956938
1.33317 0.956996
1.33567 0.957055
1.33817 0.957113
1.34067 0.957171
1.34317 0.957229
1.34567 0.957287
1.34817 0.957344
1.35068 0.957401
1.35318 0.957457
1.35568 0.957514
1.35818 0.95757
1.36068 0.957625
1.36318 0.957681
1.36568 0.957736
1.36818 0.957791
1.37069 0.957845
1.37319 0.957899
1.37569 0.957953
1.37819 0.958006
1.38069 0.958059
1.38319 0.958111
1.38569 0.958164
1.38819 0.958215
1.3907 0.958267
1.3932 0.958317
1.3957 0.958368
1.3982 0.958418
1.4007 0.958468
1.4032 0.958517
1.4057 0.958566
1.4082 0.958614
1.41071 0.958662
1.41321 0.958709
1.41571 0.958756
1.41821 0.958802
1.42071 0.958848
1.42321 0.958893
1.42571 0.958938
1.42821 0.958982
1.43072 0.959026
1.43322 0.95907
1.43572 0.959112
1.43822 0.959154
1.44072 0.959196
1.44322 0.959237
1.44572 0.959278
1.44822 0.959317
1.45073 0.959357
1.45323 0.959395
1.45573 0.959434
1.45823 0.959471
1.46073 0.959508
1.46323 0.959544
1.46573 0.95958
1.46823 0.959615
1.47074 0.959649
1.47324 0.959683
1.47574 0.959716
1.47824 0.959748
1.48074 0.95978
1.48324 0.959811
1.48574 0.959841
1.48824 0.959871
1.49075 0.959899
1.49325 0.959928
1.49575 0.959955
1.49825 0.959982
1.50075 0.960008
1.50325 0.960033
1.50575 0.960057
1.50825 0.960081
1.51076 0.960104
1.51326 0.960127
1.51576 0.960148
1.51826 0.960169
1.52076 0.960189
1.52326 0.960209
1.52576 0.960228
1.52826 0.960246
1.53077 0.960264
1.53327 0.960281
1.53577 0.960297
1.53827 0.960312
1.54077 0.960327
1.54327 0.960342
1.54577 0.960355
1.54827 0.960369
1.55078 0.960381
1.55328 0.960393
1.55578 0.960404
1.55828 0.960415
1.56078 0.960425
1.56328 0.960435
1.56578 0.960444
1.56828 0.960453
1.57079 0.960461
1.57329 0.960468
1.57579 0.960475
1.57829 0.960481
1.58079 0.960487
1.58329 0.960492
1.58579 0.960497
1.58829 0.960502
1.5908 0.960506
1.5933 0.960509
1.5958 0.960512
1.5983 0.960514
1.6008 0.960516
1.6033 0.960518
1.6058 0.960519
1.6083 0.96052
1.61081 0.96052
1.61331 0.96052
1.61581 0.960519
1.61831 0.960518
1.62081 0.960517
1.62331 0.960515
1.62581 0.960513
1.62831 0.96051
1.63082 0.960507
1.63332 0.960504
1.63582 0.9605
1.63832 0.960496
1.64082 0.960492
1.64332 0.960487
1.64582 0.960482
1.64832 0.960477
1.65083 0.960472
1.65333 0.960466
1.65583 0.960459
1.65833 0.960453
1.66083 0.960446
1.66333 0.960439
1.66583 0.960432
1.66833 0.960424
1.67084 0.960416
1.67334 0.960408
1.67584 0.9604
1.67834 0.960391
1.68084 0.960382
1.68334 0.960373
1.68584 0.960364
1.68834 0.960355
1.69085 0.960345
1.69335 0.960335
1.69585 0.960325
1.69835 0.960315
1.70085 0.960305
1.70335 0.960295
1.70585 0.960284
1.70835 0.960273
1.71086 0.960262
1.71336 0.960251
1.71586 0.96024
1.71836 0.960229
1.72086 0.960217
1.72336 0.960206
1.72586 0.960194
1.72836 0.960183
1.73087 0.960171
1.73337 0.960159
1.73587 0.960147
1.73837 0.960135
1.74087 0.960123
1.74337 0.960111
1.74587 0.960099
1.74837 0.960087
1.75088 0.960075
1.75338 0.960063
1.75588 0.960051
1.75838 0.960038
1.76088 0.960026
1.76338 0.960014
1.76588 0.960002
1.76838 0.95999
1.77089 0.959978
1.77339 0.959966
1.77589 0.959954
1.77839 0.959942
1.78089 0.959931
1.78339 0.959919
1.78589 0.959907
1.78839 0.959896
1.7909 0.959884
1.7934 0.959873
1.7959 0.959862
1.7984 0.95985
1.8009 0.959839
1.8034 0.959829
1.8059 0.959818
1.8084 0.959807
1.81091 0.959797
1.81341 0.959787
1.81591 0.959777
1.81841 0.959767
1.82091 0.959757
1.82341 0.959747
1.82591 0.959738
1.82841 0.959729
1.83092 0.95972
1.83342 0.959711
1.83592 0.959703
1.83842 0.959694
1.84092 0.959686
1.84342 0.959679
1.84592 0.959671
1.84842 0.959664
1.85093 0.959657
1.85343 0.95965
1.85593 0.959644
1.85843 0.959638
1.86093 0.959632
1.86343 0.959626
1.86593 0.959621
1.86843 0.959616
1.87094 0.959612
1.87344 0.959608
1.87594 0.959604
1.87844 0.9596
1.88094 0.959597
1.88344 0.959594
1.88594 0.959592
1.88844 0.95959
1.89095 0.959588
1.89345 0.959587
1.89595 0.959586
1.89845 0.959586
1.90095 0.959586
1.90345 0.959586
1.90595 0.959587
1.90845 0.959588
1.91096 0.95959
1.91346 0.959592
1.91596 0.959595
1.91846 0.959598
1.92096 0.959601
1.92346 0.959605
1.92596 0.95961
1.92846 0.959615
1.93097 0.95962
1.93347 0.959626
1.93597 0.959633
1.93847 0.95964
1.94097 0.959648
1.94347 0.959656
1.94597 0.959664
1.94847 0.959674
1.95098 0.959684
1.95348 0.959694
1.95598 0.959705
1.95848 0.959716
1.96098 0.959729
1.96348 0.959741
1.96598 0.959755
1.96848 0.959769
1.97099 0.959783
1.97349 0.959798
1.97599 0.959814
1.97849 0.959831
1.98099 0.959848
1.98349 0.959866
1.98599 0.959884
1.98849 0.959903
1.991 0.959923
1.9935 0.959943
1.996 0.959965
1.9985 0.959987
2.001 0.960009
2.0035 0.960032
2.006 0.960056
2.0085 0.960081
2.01101 0.960106
2.01351 0.960133
2.01601 0.960159
2.01851 0.960187
2.02101 0.960215
2.02351 0.960243
2.02601 0.960273
2.02851 0.960303
2.03102 0.960334
2.03352 0.960365
2.03602 0.960397
2.03852 0.960429
2.04102 0.960462
2.04352 0.960496
2.04602 0.96053
2.04852 0.960565
2.05103 0.960601
2.05353 0.960637
2.05603 0.960674
2.05853 0.960711
2.06103 0.960749
2.06353 0.960787
2.06603 0.960826
2.06853 0.960865
2.07104 0.960905
2.07354 0.960946
2.07604 0.960987
2.07854 0.961028
2.08104 0.96107
2.08354 0.961113
2.08604 0.961156
2.08854 0.961199
2.09105 0.961243
2.09355 0.961288
2.09605 0.961332
2.09855 0.961378
2.10105 0.961424
2.10355 0.96147
2.10605 0.961517
2.10855 0.961564
2.11106 0.961611
2.11356 0.961659
2.11606 0.961708
2.11856 0.961757
2.12106 0.961806
2.12356 0.961855
2.12606 0.961905
2.12856 0.961956
2.13107 0.962006
2.13357 0.962057
2.13607 0.962109
2.13857 0.962161
2.14107 0.962213
2.14357 0.962265
2.14607 0.962318
2.14857 0.962371
2.15108 0.962425
2.15358 0.962479
2.15608 0.962533
2.15858 0.962587
2.16108 0.962642
2.16358 0.962697
2.16608 0.962752
2.16858 0.962808
2.17109 0.962864
2.17359 0.96292
2.17609 0.962976
2.17859 0.963033
2.18109 0.96309
2.18359 0.963147
2.18609 0.963204
2.18859 0.963261
2.1911 0.963319
2.1936 0.963377
2.1961 0.963435
2.1986 0.963494
2.2011 0.963552
2.2036 0.963611
2.2061 0.96367
2.2086 0.963729
2.21111 0.963788
2.21361 0.963847
2.21611 0.963907
2.21861 0.963967
2.22111 0.964027
2.22361 0.964086
2.22611 0.964147
2.22861 0.964207
2.23112 0.964267
2.23362 0.964327
2.23612 0.964388
2.23862 0.964449
2.24112 0.964509
2.24362 0.96457
2.24612 0.964631
2.24862 0.964692
2.25113 0.964753
2.25363 0.964814
2.25613 0.964875
2.25863 0.964936
2.26113 0.964997
2.26363 0.965058
2.26613 0.965119
2.26863 0.965181
2.27114 0.965242
2.27364 0.965303
2.27614 0.965364
2.27864 0.965425
2.28114 0.965486
2.28364 0.965548
2.28614 0.965609
2.28864 0.96567
2.29115 0.965731
2.29365 0.965792
2.29615 0.965853
2.29865 0.965913
2.30115 0.965974
2.30365 0.966035
2.30615 0.966095
2.30865 0.966156
2.31116 0.966216
2.31366 0.966277
2.31616 0.966337
2.31866 0.966397
2.32116 0.966457
2.32366 0.966517
2.32616 0.966576
2.32866 0.966636
2.33117 0.966695
2.33367 0.966754
2.33617 0.966813
2.33867 0.966872
2.34117 0.966931
2.34367 0.966989
2.34617 0.967048
2.34867 0.967106
2.35118 0.967164
2.35368 0.967221
2.35618 0.967279
2.35868 0.967336
2.36118 0.967393
2.36368 0.96745
2.36618 0.967507
2.36868 0.967563
2.37119 0.967619
2.37369 0.967675
2.37619 0.96773
2.37869 0.967785
2.38119 0.96784
2.38369 0.967895
2.38619 0.967949
2.38869 0.968004
2.3912 0.968057
2.3937 0.968111
2.3962 0.968164
2.3987 0.968217
2.4012 0.968269
2.4037 0.968321
2.4062 0.968373
2.4087 0.968424
2.41121 0.968475
2.41371 0.968526
2.41621 0.968576
2.41871 0.968626
2.42121 0.968676
2.42371 0.968725
2.42621 0.968774
2.42871 0.968822
2.43122 0.96887
2.43372 0.968918
2.43622 0.968965
2.43872 0.969011
2.44122 0.969057
2.44372 0.969103
2.44622 0.969148
2.44872 0.969193
2.45123 0.969238
2.45373 0.969282
2.45623 0.969325
2.45873 0.969368
2.46123 0.96941
2.46373 0.969452
2.46623 0.969494
2.46873 0.969535
2.47124 0.969575
2.47374 0.969615
2.47624 0.969654
2.47874 0.969693
2.48124 0.969731
2.48374 0.969769
2.48624 0.969806
2.48874 0.969843
2.49125 0.969879
2.49375 0.969914
2.49625 0.969949
2.49875 0.969983
2.50125 0.970017
2.50375 0.97005
2.50625 0.970082
2.50875 0.970114
2.51126 0.970145
2.51376 0.970176
2.51626 0.970206
2.51876 0.970236
2.52126 0.970265
2.52376 0.970293
2.52626 0.970321
2.52876 0.970348
2.53127 0.970375
2.53377 0.970401
2.53627 0.970427
2.53877 0.970452
2.54127 0.970476
2.54377 0.9705
2.54627 0.970524
2.54877 0.970547
2.55128 0.970569
2.55378 0.970591
2.55628 0.970612
2.55878 0.970633
2.56128 0.970654
2.56378 0.970673
2.56628 0.970693
2.56878 0.970712
2.57129 0.97073
2.57379 0.970748
2.57629 0.970765
2.57879 0.970782
2.58129 0.970799
2.58379 0.970815
2.58629 0.97083
2.58879 0.970845
2.5913 0.97086
2.5938 0.970874
2.5963 0.970887
2.5988 0.970901
2.6013 0.970913
2.6038 0.970926
2.6063 0.970938
2.6088 0.970949
2.61131 0.97096
2.61381 0.970971
2.61631 0.970981
2.61881 0.970991
2.62131 0.971
2.62381 0.971009
2.62631 0.971017
2.62881 0.971026
2.63132 0.971033
2.63382 0.971041
2.63632 0.971048
2.63882 0.971054
2.64132 0.97106
2.64382 0.971066
2.64632 0.971072
2.64882 0.971077
2.65133 0.971081
2.65383 0.971086
2.65633 0.97109
2.65883 0.971093
2.66133 0.971097
2.66383 0.9711
2.66633 0.971102
2.66883 0.971104
2.67134 0.971106
2.67384 0.971108
2.67634 0.971109
2.67884 0.97111
2.68134 0.971111
2.68384 0.971111
2.68634 0.971111
2.68884 0.971111
2.69135 0.97111
2.69385 0.971109
2.69635 0.971108
2.69885 0.971107
2.70135 0.971105
2.70385 0.971103
2.70635 0.971101
2.70885 0.971098
2.71136 0.971095
2.71386 0.971092
2.71636 0.971089
2.71886 0.971085
2.72136 0.971081
2.72386 0.971077
2.72636 0.971073
2.72886 0.971068
2.73137 0.971063
2.73387 0.971058
2.73637 0.971053
2.73887 0.971047
2.74137 0.971041
2.74387 0.971035
2.74637 0.971029
2.74887 0.971023
2.75138 0.971016
2.75388 0.971009
2.75638 0.971002
2.75888 0.970995
2.76138 0.970988
2.76388 0.97098
2.76638 0.970972
2.76888 0.970964
2.77139 0.970956
2.77389 0.970948
2.77639 0.970939
2.77889 0.970931
2.78139 0.970922
2.78389 0.970913
2.78639 0.970904
2.78889 0.970895
2.7914 0.970885
2.7939 0.970876
2.7964 0.970866
2.7989 0.970856
2.8014 0.970846
2.8039 0.970836
2.8064 0.970826
2.8089 0.970816
2.81141 0.970805
2.81391 0.970795
2.81641 0.970784
2.81891 0.970774
2.82141 0.970763
2.82391 0.970752
2.82641 0.970741
2.82891 0.97073
2.83142 0.970719
2.83392 0.970708
2.83642 0.970696
2.83892 0.970685
2.84142 0.970674
2.84392 0.970662
2.84642 0.970651
2.84892 0.970639
2.85143 0.970628
2.85393 0.970616
2.85643 0.970604
2.85893 0.970593
2.86143 0.970581
2.86393 0.970569
2.86643 0.970557
2.86893 0.970545
2.87144 0.970534
2.87394 0.970522
2.87644 0.97051
2.87894 0.970498
2.88144 0.970486
2.88394 0.970474
2.88644 0.970462
2.88894 0.970451
2.89145 0.970439
2.89395 0.970427
2.89645 0.970415
2.89895 0.970403
2.90145 0.970392
2.90395 0.97038
2.90645 0.970368
2.90895 0.970357
2.91146 0.970345
2.91396 0.970334
2.91646 0.970322
2.91896 0.970311
2.92146 0.9703
2.92396 0.970288
2.92646 0.970277
2.92896 0.970266
2.93147 0.970255
2.93397 0.970244
2.93647 0.970233
2.93897 0.970223
2.94147 0.970212
2.94397 0.970202
2.94647 0.970191
2.94897 0.970181
2.95148 0.970171
2.95398 0.97016
2.95648 0.97015
2.95898 0.970141
2.96148 0.970131
2.96398 0.970121
2.96648 0.970112
2.96898 0.970102
2.97149 0.970093
2.97399 0.970084
2.97649 0.970075
2.97899 0.970067
2.98149 0.970058
2.98399 0.97005
2.98649 0.970041
2.98899 0.970033
2.9915 0.970025
2.994 0.970018
2.9965 0.97001
2.999 0.970003
3.0015 0.969996
3.004 0.969989
3.0065 0.969982
3.009 0.969975
3.01151 0.969969
3.01401 0.969963
3.01651 0.969957
3.01901 0.969951
3.02151 0.969945
3.02401 0.96994
3.02651 0.969935
3.02901 0.969929
3.03152 0.969924
3.03402 0.96992
3.03652 0.969915
3.03902 0.969911
3.04152 0.969906
3.04402 0.969902
3.04652 0.969898
3.04902 0.969894
3.05153 0.969891
3.05403 0.969887
3.05653 0.969884
3.05903 0.969881
3.06153 0.969878
3.06403 0.969875
3.06653 0.969872
3.06903 0.96987
3.07154 0.969867
3.07404 0.969865
3.07654 0.969863
3.07904 0.969861
3.08154 0.969859
3.08404 0.969857
3.08654 0.969855
3.08904 0.969854
3.09155 0.969852
3.09405 0.969851
3.09655 0.96985
3.09905 0.969849
3.10155 0.969848
3.10405 0.969847
3.10655 0.969847
3.10905 0.969846
3.11156 0.969846
3.11406 0.969845
3.11656 0.969845
3.11906 0.969845
3.12156 0.969845
3.12406 0.969845
3.12656 0.969846
3.12906 0.969846
3.13157 0.969846
3.13407 0.969847
3.13657 0.969847
3.13907 0.969848
3.14157 0.969849
3.14407 0.96985
3.14657 0.969851
3.14907 0.969852
3.15158 0.969853
3.15408 0.969854
3.15658 0.969856
3.15908 0.969857
3.16158 0.969859
3.16408 0.96986
3.16658 0.969862
3.16908 0.969863
3.17159 0.969865
3.17409 0.969867
3.17659 0.969869
3.17909 0.969871
3.18159 0.969873
3.18409 0.969875
3.18659 0.969877
3.18909 0.969879
3.1916 0.969882
3.1941 0.969884
3.1966 0.969886
3.1991 0.969889
3.2016 0.969891
3.2041 0.969894
3.2066 0.969896
3.2091 0.969899
3.21161 0.969901
3.21411 0.969904
3.21661 0.969907
3.21911 0.96991
3.22161 0.969912
3.22411 0.969915
3.22661 0.969918
3.22911 0.969921
3.23162 0.969924
3.23412 0.969927
3.23662 0.96993
3.23912 0.969933
3.24162 0.969936
3.24412 0.969939
3.24662 0.969942
3.24912 0.969945
3.25163 0.969948
3.25413 0.969951
3.25663 0.969954
3.25913 0.969957
3.26163 0.96996
3.26413 0.969963
3.26663 0.969966
3.26913 0.969969
3.27164 0.969972
3.27414 0.969975
3.27664 0.969978
3.27914 0.969981
3.28164 0.969984
3.28414 0.969987
3.28664 0.96999
3.28914 0.969993
3.29165 0.969996
3.29415 0.969999
3.29665 0.970002
3.29915 0.970005
3.30165 0.970008
3.30415 0.970011
3.30665 0.970014
3.30915 0.970017
3.31166 0.970019
3.31416 0.970022
3.31666 0.970025
3.31916 0.970027
3.32166 0.97003
3.32416 0.970033
3.32666 0.970035
3.32916 0.970038
3.33167 0.97004
3.33417 0.970043
3.33667 0.970045
3.33917 0.970047
3.34167 0.970049
3.34417 0.970052
3.34667 0.970054
3.34917 0.970056
3.35168 0.970058
3.35418 0.97006
3.35668 0.970062
3.35918 0.970063
3.36168 0.970065
3.36418 0.970067
3.36668 0.970068
3.36918 0.97007
3.37169 0.970071
3.37419 0.970073
3.37669 0.970074
3.37919 0.970075
3.38169 0.970076
3.38419 0.970077
3.38669 0.970078
3.38919 0.970079
3.3917 0.97008
3.3942 0.970081
3.3967 0.970081
3.3992 0.970082
3.4017 0.970082
3.4042 0.970082
3.4067 0.970083
3.4092 0.970083
3.41171 0.970083
3.41421 0.970083
3.41671 0.970082
3.41921 0.970082
3.42171 0.970082
3.42421 0.970081
3.42671 0.97008
3.42921 0.970079
3.43172 0.970079
3.43422 0.970077
3.43672 0.970076
3.43922 0.970075
3.44172 0.970074
3.44422 0.970072
3.44672 0.97007
3.44922 0.970069
3.45173 0.970067
3.45423 0.970064
3.45673 0.970062
3.45923 0.97006
3.46173 0.970057
3.46423 0.970055
3.46673 0.970052
3.46923 0.970049
3.47174 0.970046
3.47424 0.970043
3.47674 0.970039
3.47924 0.970036
3.48174 0.970032
3.48424 0.970028
3.48674 0.970024
3.48924 0.97002
3.49175 0.970016
3.49425 0.970011
3.49675 0.970006
3.49925 0.970001
3.50175 0.969996
3.50425 0.969991
3.50675 0.969986
3.50925 0.96998
3.51176 0.969975
3.51426 0.969969
3.51676 0.969963
3.51926 0.969957
3.52176 0.96995
3.52426 0.969944
3.52676 0.969937
3.52926 0.969931
3.53177 0.969924
3.53427 0.969917
3.53677 0.96991
3.53927 0.969903
3.54177 0.969895
3.54427 0.969888
3.54677 0.96988
3.54927 0.969873
3.55178 0.969865
3.55428 0.969857
3.55678 0.969849
3.55928 0.969841
3.56178 0.969833
3.56428 0.969824
3.56678 0.969816
3.56928 0.969808
3.57179 0.969799
3.57429 0.969791
3.57679 0.969782
3.57929 0.969773
3.58179 0.969764
3.58429 0.969756
3.58679 0.969747
3.58929 0.969738
3.5918 0.969729
3.5943 0.96972
3.5968 0.96971
3.5993 0.969701
3.6018 0.969692
3.6043 0.969683
3.6068 0.969674
3.6093 0.969664
3.61181 0.969655
3.61431 0.969646
3.61681 0.969636
3.61931 0.969627
3.62181 0.969617
3.62431 0.969608
3.62681 0.969599
3.62931 0.969589
3.63182 0.96958
3.63432 0.96957
3.63682 0.969561
3.63932 0.969552
3.64182 0.969542
3.64432 0.969533
3.64682 0.969523
3.64932 0.969514
3.65183 0.969505
3.65433 0.969496
3.65683 0.969486
3.65933 0.969477
3.66183 0.969468
3.66433 0.969459
3.66683 0.96945
3.66933 0.969441
3.67184 0.969432
3.67434 0.969423
3.67684 0.969414
3.67934 0.969405
3.68184 0.969397
3.68434 0.969388
3.68684 0.969379
3.68934 0.969371
3.69185 0.969362
3.69435 0.969354
3.69685 0.969346
3.69935 0.969338
3.70185 0.96933
3.70435 0.969322
3.70685 0.969314
3.70935 0.969306
3.71186 0.969298
3.71436 0.969291
3.71686 0.969283
3.71936 0.969276
3.72186 0.969269
3.72436 0.969262
3.72686 0.969255
3.72936 0.969248
3.73187 0.969241
3.73437 0.969235
3.73687 0.969228
3.73937 0.969222
3.74187 0.969216
3.74437 0.96921
3.74687 0.969204
3.74937 0.969199
3.75188 0.969193
3.75438 0.969188
3.75688 0.969183
3.75938 0.969178
3.76188 0.969173
3.76438 0.969168
3.76688 0.969164
3.76938 0.969159
3.77189 0.969155
3.77439 0.969151
3.77689 0.969148
3.77939 0.969144
3.78189 0.969141
3.78439 0.969138
3.78689 0.969135
3.78939 0.969132
3.7919 0.96913
3.7944 0.969127
3.7969 0.969125
3.7994 0.969124
3.8019 0.969122
3.8044 0.969121
3.8069 0.969119
3.8094 0.969119
3.81191 0.969118
3.81441 0.969118
3.81691 0.969117
3.81941 0.969117
3.82191 0.969118
3.82441 0.969118
3.82691 0.969119
3.82941 0.96912
3.83192 0.969122
3.83442 0.969123
3.83692 0.969125
3.83942 0.969127
3.84192 0.96913
3.84442 0.969133
3.84692 0.969136
3.84942 0.969139
3.85193 0.969143
3.85443 0.969147
3.85693 0.969151
3.85943 0.969155
3.86193 0.96916
3.86443 0.969165
3.86693 0.969171
3.86943 0.969177
3.87194 0.969183
3.87444 0.969189
3.87694 0.969196
3.87944 0.969203
3.88194 0.96921
3.88444 0.969218
3.88694 0.969226
3.88944 0.969234
3.89195 0.969243
3.89445 0.969252
3.89695 0.969262
3.89945 0.969272
3.90195 0.969282
3.90445 0.969292
3.90695 0.969303
3.90945 0.969315
3.91196 0.969326
3.91446 0.969338
3.91696 0.969351
3.91946 0.969363
3.92196 0.969377
3.92446 0.96939
3.92696 0.969404
3.92946 0.969418
3.93197 0.969433
3.93447 0.969448
3.93697 0.969464
3.93947 0.96948
3.94197 0.969496
3.94447 0.969513
3.94697 0.96953
3.94947 0.969548
3.95198 0.969566
3.95448 0.969585
3.95698 0.969603
3.95948 0.969623
3.96198 0.969643
3.96448 0.969663
3.96698 0.969684
3.96948 0.969705
3.97199 0.969726
3.97449 0.969748
3.97699 0.969771
3.97949 0.969794
3.98199 0.969817
3.98449 0.969841
3.98699 0.969866
3.98949 0.96989
3.992 0.969916
3.9945 0.969941
3.997 0.969968
3.9995 0.969995
4.002 0.970022
4.0045 0.97005
4.007 0.970078
4.0095 0.970107
4.01201 0.970136
4.01451 0.970166
4.01701 0.970196
4.01951 0.970226
4.02201 0.970257
4.02451 0.970289
4.02701 0.970321
4.02951 0.970353
4.03202 0.970386
4.03452 0.97042
4.03702 0.970453
4.03952 0.970488
4.04202 0.970522
4.04452 0.970557
4.04702 0.970593
4.04952 0.970629
4.05203 0.970665
4.05453 0.970702
4.05703 0.970739
4.05953 0.970776
4.06203 0.970814
4.06453 0.970853
4.06703 0.970891
4.06953 0.970931
4.07204 0.97097
4.07454 0.97101
4.07704 0.97105
4.07954 0.971091
4.08204 0.971132
4.08454 0.971173
4.08704 0.971215
4.08954 0.971257
4.09205 0.971299
4.09455 0.971342
4.09705 0.971385
4.09955 0.971429
4.10205 0.971472
4.10455 0.971517
4.10705 0.971561
4.10955 0.971606
4.11206 0.971651
4.11456 0.971696
4.11706 0.971742
4.11956 0.971788
4.12206 0.971834
4.12456 0.971881
4.12706 0.971928
4.12956 0.971975
4.13207 0.972023
4.13457 0.97207
4.13707 0.972118
4.13957 0.972167
4.14207 0.972215
4.14457 0.972264
4.14707 0.972313
4.14957 0.972363
4.15208 0.972412
4.15458 0.972462
4.15708 0.972512
4.15958 0.972563
4.16208 0.972614
4.16458 0.972664
4.16708 0.972716
4.16958 0.972767
4.17209 0.972818
4.17459 0.97287
4.17709 0.972922
4.17959 0.972974
4.18209 0.973027
4.18459 0.973079
4.18709 0.973132
4.18959 0.973185
4.1921 0.973239
4.1946 0.973292
4.1971 0.973346
4.1996 0.973399
4.2021 0.973453
4.2046 0.973507
4.2071 0.973562
4.2096 0.973616
4.21211 0.973671
4.21461 0.973725
4.21711 0.97378
4.21961 0.973835
4.22211 0.973891
4.22461 0.973946
4.22711 0.974002
4.22961 0.974057
4.23212 0.974113
4.23462 0.974169
4.23712 0.974225
4.23962 0.974281
4.24212 0.974337
4.24462 0.974394
4.24712 0.97445
4.24962 0.974507
4.25213 0.974563
4.25463 0.97462
4.25713 0.974677
4.25963 0.974734
4.26213 0.974791
4.26463 0.974848
4.26713 0.974905
4.26963 0.974962
4.27214 0.975019
4.27464 0.975077
4.27714 0.975134
4.27964 0.975192
4.28214 0.975249
4.28464 0.975307
4.28714 0.975364
4.28964 0.975422
4.29215 0.97548
4.29465 0.975537
4.29715 0.975595
4.29965 0.975653
4.30215 0.975711
4.30465 0.975768
4.30715 0.975826
4.30965 0.975884
4.31216 0.975942
4.31466 0.976
4.31716 0.976058
4.31966 0.976115
4.32216 0.976173
4.32466 0.976231
4.32716 0.976289
4.32966 0.976346
4.33217 0.976404
4.33467 0.976462
4.33717 0.976519
4.33967 0.976577
4.34217 0.976634
4.34467 0.976692
4.34717 0.976749
4.34967 0.976807
4.35218 0.976864
4.35468 0.976921
4.35718 0.976978
4.35968 0.977036
4.36218 0.977093
4.36468 0.977149
4.36718 0.977206
4.36968 0.977263
4.37219 0.97732
4.37469 0.977376
4.37719 0.977433
4.37969 0.977489
4.38219 0.977546
4.38469 0.977602
4.38719 0.977658
4.38969 0.977714
4.3922 0.977769
4.3947 0.977825
4.3972 0.977881
4.3997 0.977936
4.4022 0.977991
4.4047 0.978046
4.4072 0.978101
4.4097 0.978156
4.41221 0.978211
4.41471 0.978265
4.41721 0.97832
4.41971 0.978374
4.42221 0.978428
4.42471 0.978482
4.42721 0.978535
4.42971 0.978589
4.43222 0.978642
4.43472 0.978695
4.43722 0.978748
4.43972 0.978801
4.44222 0.978853
4.44472 0.978906
4.44722 0.978958
4.44972 0.97901
4.45223 0.979061
4.45473 0.979113
4.45723 0.979164
4.45973 0.979215
4.46223 0.979265
4.46473 0.979316
4.46723 0.979366
4.46973 0.979416
4.47224 0.979466
4.47474 0.979515
4.47724 0.979565
4.47974 0.979614
4.48224 0.979662
4.48474 0.979711
4.48724 0.979759
4.48974 0.979807
4.49225 0.979854
4.49475 0.979902
4.49725 0.979949
4.49975 0.979995
4.50225 0.980042
4.50475 0.980088
4.50725 0.980134
4.50975 0.980179
4.51226 0.980224
4.51476 0.980269
4.51726 0.980314
4.51976 0.980358
4.52226 0.980402
4.52476 0.980446
4.52726 0.980489
4.52976 0.980532
4.53227 0.980575
4.53477 0.980617
4.53727 0.980659
4.53977 0.980701
4.54227 0.980742
4.54477 0.980783
4.54727 0.980823
4.54977 0.980864
4.55228 0.980904
4.55478 0.980943
4.55728 0.980982
4.55978 0.981021
4.56228 0.98106
4.56478 0.981098
4.56728 0.981136
4.56978 0.981173
4.57229 0.98121
4.57479 0.981247
4.57729 0.981283
4.57979 0.981319
4.58229 0.981355
4.58479 0.98139
4.58729 0.981425
4.58979 0.981459
4.5923 0.981493
4.5948 0.981527
4.5973 0.98156
4.5998 0.981593
4.6023 0.981625
4.6048 0.981657
4.6073 0.981689
4.6098 0.98172
4.61231 0.981751
4.61481 0.981781
4.61731 0.981811
4.61981 0.981841
4.62231 0.98187
4.62481 0.981898
4.62731 0.981927
4.62981 0.981955
4.63232 0.981982
4.63482 0.982009
4.63732 0.982036
4.63982 0.982062
4.64232 0.982088
4.64482 0.982113
4.64732 0.982138
4.64982 0.982162
4.65233 0.982186
4.65483 0.982209
4.65733 0.982232
4.65983 0.982255
4.66233 0.982277
4.66483 0.982299
4.66733 0.98232
4.66983 0.982341
4.67234 0.982361
4.67484 0.982381
4.67734 0.9824
4.67984 0.982419
4.68234 0.982437
4.68484 0.982455
4.68734 0.982472
4.68984 0.982489
4.69235 0.982506
4.69485 0.982522
4.69735 0.982537
4.69985 0.982552
4.70235 0.982566
4.70485 0.98258
4.70735 0.982594
4.70985 0.982607
4.71236 0.982619
4.71486 0.982631
4.71736 0.982642
4.71986 0.982653
4.72236 0.982663
4.72486 0.982673
4.72736 0.982683
4.72986 0.982691
4.73237 0.9827
4.73487 0.982707
4.73737 0.982714
4.73987 0.982721
4.74237 0.982727
4.74487 0.982733
4.74737 0.982738
4.74987 0.982742
4.75238 0.982746
4.75488 0.98275
4.75738 0.982752
4.75988 0.982755
4.76238 0.982756
4.76488 0.982757
4.76738 0.982758
4.76988 0.982758
4.77239 0.982757
4.77489 0.982756
4.77739 0.982755
4.77989 0.982752
4.78239 0.98275
4.78489 0.982746
4.78739 0.982742
4.78989 0.982737
4.7924 0.982732
4.7949 0.982726
4.7974 0.98272
4.7999 0.982713
4.8024 0.982705
4.8049 0.982697
4.8074 0.982689
4.8099 0.982679
4.81241 0.982669
4.81491 0.982658
4.81741 0.982647
4.81991 0.982635
4.82241 0.982623
4.82491 0.98261
4.82741 0.982596
4.82991 0.982582
4.83242 0.982567
4.83492 0.982551
4.83742 0.982535
4.83992 0.982518
4.84242 0.982501
4.84492 0.982483
4.84742 0.982464
4.84992 0.982444
4.85243 0.982424
4.85493 0.982403
4.85743 0.982382
4.85993 0.98236
4.86243 0.982337
4.86493 0.982314
4.86743 0.98229
4.86993 0.982265
4.87244 0.98224
4.87494 0.982214
4.87744 0.982187
4.87994 0.98216
4.88244 0.982132
4.88494 0.982103
4.88744 0.982073
4.88994 0.982043
4.89245 0.982012
4.89495 0.981981
4.89745 0.981949
4.89995 0.981916
4.90245 0.981882
4.90495 0.981848
4.90745 0.981813
4.90995 0.981777
4.91246 0.981741
4.91496 0.981704
4.91746 0.981666
4.91996 0.981627
4.92246 0.981588
4.92496 0.981548
4.92746 0.981507
4.92996 0.981466
4.93247 0.981424
4.93497 0.981381
4.93747 0.981337
4.93997 0.981293
4.94247 0.981248
4.94497 0.981202
4.94747 0.981155
4.94997 0.981108
4.95248 0.98106
4.95498 0.981011
4.95748 0.980961
4.95998 0.980911
4.96248 0.98086
4.96498 0.980808
4.96748 0.980755
4.96998 0.980702
4.97249 0.980648
4.97499 0.980593
4.97749 0.980537
4.97999 0.98048
4.98249 0.980423
4.98499 0.980365
4.98749 0.980306
4.98999 0.980246
4.9925 0.980186
4.995 0.980125
4.9975 0.980063
5 0.98
