               0            0.014
      0.00250125         0.268882
       0.0050025         0.455936
      0.00750375         0.584551
        0.010005         0.664116
       0.0125063          0.70456
       0.0150075         0.717953
       0.0175088         0.716899
         0.02001         0.714001
       0.0225113         0.719153
       0.0250125         0.731531
       0.0275138         0.747667
        0.030015         0.764093
       0.0325163         0.778143
       0.0350175         0.790315
       0.0375188         0.801878
         0.04002         0.814104
       0.0425213         0.827771
       0.0450225         0.841734
       0.0475238         0.854375
        0.050025         0.864077
       0.0525263          0.86975
       0.0550275         0.872337
       0.0575288         0.873278
         0.06003         0.874013
       0.0625313         0.875666
       0.0650325         0.878144
       0.0675338         0.881064
        0.070035          0.88404
       0.0725363         0.886773
       0.0750375         0.889284
       0.0775388         0.891672
         0.08004         0.894038
       0.0825413         0.896461
       0.0850425         0.898946
       0.0875438         0.901479
        0.090045         0.904046
       0.0925463         0.906629
       0.0950475         0.909187
       0.0975488         0.911675
         0.10005         0.914046
        0.102551         0.916265
        0.105053         0.918328
        0.107554         0.920242
        0.110055          0.92201
        0.112556          0.92364
        0.115058         0.925135
        0.117559         0.926502
         0.12006         0.927745
        0.122561          0.92887
        0.125063         0.929881
        0.127564         0.930786
        0.130065         0.931588
        0.132566         0.932293
        0.135068         0.932906
        0.137569         0.933433
         0.14007         0.933878
        0.142571         0.934248
        0.145073         0.934548
        0.147574         0.934782
        0.150075         0.934956
        0.152576         0.935075
        0.155078         0.935145
        0.157579         0.935171
         0.16008         0.935159
        0.162581         0.935113
        0.165083         0.935038
        0.167584         0.934941
        0.170085         0.934826
        0.172586         0.934699
        0.175088         0.934565
        0.177589         0.934429
         0.18009         0.934297
        0.182591         0.934174
        0.185093         0.934064
        0.187594         0.933975
        0.190095          0.93391
        0.192596         0.933875
        0.195098         0.933876
        0.197599         0.933917
          0.2001         0.934004
        0.202601         0.934142
        0.205103         0.934329
        0.207604         0.934563
        0.210105         0.934845
        0.212606         0.935172
        0.215108         0.935543
        0.217609         0.935956
         0.22011          0.93641
        0.222611         0.936904
        0.225113         0.937436
        0.227614         0.938005
        0.230115         0.938609
        0.232616         0.939247
        0.235118         0.939917
        0.237619         0.940619
         0.24012          0.94135
        0.242621         0.942109
        0.245123         0.942895
        0.247624         0.943706
        0.250125         0.944541
        0.252626         0.945398
        0.255128         0.946277
        0.257629         0.947175
         0.26013         0.948091
        0.262631         0.949024
        0.265133         0.949973
        0.267634         0.950935
        0.270135          0.95191
        0.272636         0.952896
        0.275138         0.953891
        0.277639         0.954895
         0.28014         0.955905
        0.282641         0.956921
        0.285143         0.957941
        0.287644         0.958963
        0.290145         0.959986
        0.292646         0.961009
        0.295148          0.96203
        0.297649         0.963047
         0.30015         0.964061
        0.302651         0.965068
        0.305153         0.966069
        0.307654         0.967062
        0.310155         0.968048
        0.312656         0.969026
        0.315158         0.969995
        0.317659         0.970955
         0.32016         0.971906
        0.322661         0.972846
        0.325163         0.973775
        0.327664         0.974693
        0.330165         0.975599
        0.332666         0.976493
        0.335168         0.977374
        0.337669         0.978241
         0.34017         0.979095
        0.342671         0.979934
        0.345173         0.980758
        0.347674         0.981567
        0.350175         0.982359
        0.352676         0.983135
        0.355178         0.983894
        0.357679         0.984636
         0.36018         0.985359
        0.362681         0.986063
        0.365183         0.986748
        0.367684         0.987414
        0.370185         0.988059
        0.372686         0.988683
        0.375188         0.989286
        0.377689         0.989867
         0.38019         0.990426
        0.382691         0.990962
        0.385193         0.991475
        0.387694         0.991963
        0.390195         0.992427
        0.392696         0.992866
        0.395198          0.99328
        0.397699         0.993667
          0.4002         0.994028
        0.402701         0.994362
        0.405203         0.994669
        0.407704         0.994951
        0.410205         0.995209
        0.412706         0.995442
        0.415208         0.995651
        0.417709         0.995838
         0.42021         0.996003
        0.422711         0.996147
        0.425213          0.99627
        0.427714         0.996373
        0.430215         0.996457
        0.432716         0.996523
        0.435218         0.996571
        0.437719         0.996602
         0.44022         0.996617
        0.442721         0.996617
        0.445223         0.996601
        0.447724         0.996572
        0.450225         0.996529
        0.452726         0.996474
        0.455228         0.996407
        0.457729         0.996328
         0.46023         0.996239
        0.462731         0.996141
        0.465233         0.996033
        0.467734         0.995917
        0.470235         0.995794
        0.472736         0.995664
        0.475238         0.995527
        0.477739         0.995385
         0.48024         0.995239
        0.482741         0.995088
        0.485243         0.994935
        0.487744         0.994778
        0.490245          0.99462
        0.492746         0.994461
        0.495248         0.994302
        0.497749         0.994142
         0.50025         0.993984
        0.502751         0.993828
        0.505253         0.993673
        0.507754          0.99352
        0.510255         0.993369
        0.512756         0.993219
        0.515258         0.993071
        0.517759         0.992925
         0.52026          0.99278
        0.522761         0.992637
        0.525263         0.992496
        0.527764         0.992356
        0.530265         0.992218
        0.532766         0.992081
        0.535268         0.991946
        0.537769         0.991813
         0.54027         0.991681
        0.542771         0.991551
        0.545273         0.991422
        0.547774         0.991295
        0.550275          0.99117
        0.552776         0.991046
        0.555278         0.990923
        0.557779         0.990802
         0.56028         0.990683
        0.562781         0.990565
        0.565283         0.990448
        0.567784         0.990333
        0.570285         0.990219
        0.572786         0.990107
        0.575288         0.989996
        0.577789         0.989887
         0.58029         0.989779
        0.582791         0.989673
        0.585293         0.989568
        0.587794         0.989464
        0.590295         0.989362
        0.592796         0.989261
        0.595298         0.989162
        0.597799         0.989063
          0.6003         0.988967
        0.602801         0.988871
        0.605303         0.988777
        0.607804         0.988684
        0.610305         0.988592
        0.612806         0.988502
        0.615308         0.988413
        0.617809         0.988326
         0.62031         0.988239
        0.622811         0.988154
        0.625313          0.98807
        0.627814         0.987987
        0.630315         0.987906
        0.632816         0.987826
        0.635318         0.987747
        0.637819         0.987669
         0.64032         0.987592
        0.642821         0.987517
        0.645323         0.987442
        0.647824         0.987369
        0.650325         0.987297
        0.652826         0.987226
        0.655328         0.987156
        0.657829         0.987088
         0.66033          0.98702
        0.662831         0.986954
        0.665333         0.986889
        0.667834         0.986824
        0.670335         0.986761
        0.672836         0.986699
        0.675338         0.986638
        0.677839         0.986578
         0.68034         0.986519
        0.682841         0.986461
        0.685343         0.986404
        0.687844         0.986348
        0.690345         0.986293
        0.692846         0.986239
        0.695348         0.986186
        0.697849         0.986134
         0.70035         0.986083
        0.702851         0.986033
        0.705353         0.985984
        0.707854         0.985936
        0.710355         0.985888
        0.712856         0.985842
        0.715358         0.985796
        0.717859         0.985752
         0.72036         0.985708
        0.722861         0.985665
        0.725363         0.985623
        0.727864         0.985582
        0.730365         0.985541
        0.732866         0.985502
        0.735368         0.985463
        0.737869         0.985425
         0.74037         0.985388
        0.742871         0.985351
        0.745373         0.985316
        0.747874         0.985281
        0.750375         0.985247
        0.752876         0.985214
        0.755378         0.985181
        0.757879         0.985149
         0.76038         0.985118
        0.762881         0.985088
        0.765383         0.985058
        0.767884         0.985029
        0.770385         0.985001
        0.772886         0.984973
        0.775388         0.984946
        0.777889          0.98492
         0.78039         0.984894
        0.782891         0.984869
        0.785393         0.984844
        0.787894         0.984821
        0.790395         0.984797
        0.792896         0.984775
        0.795398         0.984753
        0.797899         0.984731
          0.8004          0.98471
        0.802901          0.98469
        0.805403          0.98467
        0.807904         0.984651
        0.810405         0.984632
        0.812906         0.984614
        0.815408         0.984596
        0.817909         0.984579
         0.82041         0.984562
        0.822911         0.984546
        0.825413          0.98453
        0.827914         0.984514
        0.830415           0.9845
        0.832916         0.984485
        0.835418         0.984471
        0.837919         0.984457
         0.84042         0.984444
        0.842921         0.984431
        0.845423         0.984419
        0.847924         0.984407
        0.850425         0.984395
        0.852926         0.984384
        0.855428         0.984373
        0.857929         0.984362
         0.86043         0.984352
        0.862931         0.984342
        0.865433         0.984332
        0.867934         0.984323
        0.870435         0.984314
        0.872936         0.984305
        0.875438         0.984296
        0.877939         0.984288
         0.88044          0.98428
        0.882941         0.984272
        0.885443         0.984264
        0.887944         0.984257
        0.890445          0.98425
        0.892946         0.984243
        0.895448         0.984236
        0.897949          0.98423
         0.90045         0.984223
        0.902951         0.984217
        0.905453         0.984211
        0.907954         0.984205
        0.910455         0.984199
        0.912956         0.984194
        0.915458         0.984188
        0.917959         0.984183
         0.92046         0.984177
        0.922961         0.984172
        0.925463         0.984167
        0.927964         0.984162
        0.930465         0.984157
        0.932966         0.984152
        0.935468         0.984147
        0.937969         0.984142
         0.94047         0.984137
        0.942971         0.984132
        0.945473         0.984127
        0.947974         0.984122
        0.950475         0.984117
        0.952976         0.984112
        0.955478         0.984107
        0.957979         0.984102
         0.96048         0.984097
        0.962981         0.984092
        0.965483         0.984086
        0.967984         0.984081
        0.970485         0.984076
        0.972986          0.98407
        0.975488         0.984064
        0.977989         0.984058
         0.98049         0.984052
        0.982991         0.984046
        0.985493          0.98404
        0.987994         0.984034
        0.990495         0.984027
        0.992996          0.98402
        0.995498         0.984013
        0.997999         0.984006
          1.0005         0.983998
           1.003         0.983991
          1.0055         0.983983
           1.008         0.983975
         1.01051         0.983967
         1.01301         0.983958
         1.01551         0.983949
         1.01801          0.98394
         1.02051         0.983931
         1.02301         0.983922
         1.02551         0.983912
         1.02801         0.983902
         1.03052         0.983892
         1.03302         0.983882
         1.03552         0.983871
         1.03802         0.983861
         1.04052          0.98385
         1.04302         0.983839
         1.04552         0.983827
         1.04802         0.983816
         1.05053         0.983804
         1.05303         0.983792
         1.05553          0.98378
         1.05803         0.983768
         1.06053         0.983755
         1.06303         0.983742
         1.06553         0.983729
         1.06803         0.983716
         1.07054         0.983703
         1.07304         0.983689
         1.07554         0.983676
         1.07804         0.983662
         1.08054         0.983648
         1.08304         0.983633
         1.08554         0.983619
         1.08804         0.983604
         1.09055         0.983589
         1.09305         0.983574
         1.09555         0.983559
         1.09805         0.983544
         1.10055         0.983528
         1.10305         0.983512
         1.10555         0.983496
         1.10805          0.98348
         1.11056         0.983464
         1.11306         0.983447
         1.11556         0.983431
         1.11806         0.983414
         1.12056         0.983397
         1.12306          0.98338
         1.12556         0.983362
         1.12806         0.983345
         1.13057         0.983327
         1.13307         0.983309
         1.13557         0.983291
         1.13807         0.983273
         1.14057         0.983254
         1.14307         0.983236
         1.14557         0.983217
         1.14807         0.983198
         1.15058         0.983179
         1.15308          0.98316
         1.15558          0.98314
         1.15808         0.983121
         1.16058         0.983101
         1.16308         0.983081
         1.16558         0.983061
         1.16808         0.983041
         1.17059         0.983021
         1.17309            0.983
         1.17559         0.982979
         1.17809         0.982959
         1.18059         0.982938
         1.18309         0.982917
         1.18559         0.982895
         1.18809         0.982874
          1.1906         0.982852
          1.1931         0.982831
          1.1956         0.982809
          1.1981         0.982787
          1.2006         0.982765
          1.2031         0.982742
          1.2056          0.98272
          1.2081         0.982698
         1.21061         0.982675
         1.21311         0.982652
         1.21561         0.982629
         1.21811         0.982606
         1.22061         0.982583
         1.22311         0.982559
         1.22561         0.982536
         1.22811         0.982512
         1.23062         0.982488
         1.23312         0.982465
         1.23562         0.982441
         1.23812         0.982416
         1.24062         0.982392
         1.24312         0.982368
         1.24562         0.982343
         1.24812         0.982318
         1.25063         0.982294
         1.25313         0.982269
         1.25563         0.982244
         1.25813         0.982219
         1.26063         0.982193
         1.26313         0.982168
         1.26563         0.982143
         1.26813         0.982117
         1.27064         0.982091
         1.27314         0.982065
         1.27564         0.982039
         1.27814         0.982013
         1.28064         0.981987
         1.28314         0.981961
         1.28564         0.981935
         1.28814         0.981908
         1.29065         0.981881
         1.29315         0.981855
         1.29565         0.981828
         1.29815         0.981801
         1.30065         0.981774
         1.30315         0.981747
         1.30565          0.98172
         1.30815         0.981692
         1.31066         0.981665
         1.31316         0.981638
         1.31566          0.98161
         1.31816         0.981582
         1.32066         0.981554
         1.32316         0.981527
         1.32566         0.981499
         1.32816         0.981471
         1.33067         0.981442
         1.33317         0.981414
         1.33567         0.981386
         1.33817         0.981357
         1.34067         0.981329
         1.34317           0.9813
         1.34567         0.981272
         1.34817         0.981243
         1.35068         0.981214
         1.35318         0.981185
         1.35568         0.981156
         1.35818         0.981127
         1.36068         0.981098
         1.36318         0.981069
         1.36568         0.981039
         1.36818          0.98101
         1.37069         0.980981
         1.37319         0.980951
         1.37569         0.980921
         1.37819         0.980892
         1.38069         0.980862
         1.38319         0.980832
         1.38569         0.980802
         1.38819         0.980772
          1.3907         0.980742
          1.3932         0.980712
          1.3957         0.980682
          1.3982         0.980652
          1.4007         0.980622
          1.4032         0.980591
          1.4057         0.980561
          1.4082         0.980531
         1.41071           0.9805
         1.41321          0.98047
         1.41571         0.980439
         1.41821         0.980408
         1.42071         0.980378
         1.42321         0.980347
         1.42571         0.980316
         1.42821         0.980285
         1.43072         0.980254
         1.43322         0.980223
         1.43572         0.980192
         1.43822         0.980161
         1.44072          0.98013
         1.44322         0.980099
         1.44572         0.980068
         1.44822         0.980037
         1.45073         0.980006
         1.45323         0.979974
         1.45573         0.979943
         1.45823         0.979912
         1.46073          0.97988
         1.46323         0.979849
         1.46573         0.979817
         1.46823         0.979786
         1.47074         0.979754
         1.47324         0.979723
         1.47574         0.979691
         1.47824         0.979659
         1.48074         0.979628
         1.48324         0.979596
         1.48574         0.979564
         1.48824         0.979533
         1.49075         0.979501
         1.49325         0.979469
         1.49575         0.979437
         1.49825         0.979405
         1.50075         0.979374
         1.50325         0.979342
         1.50575          0.97931
         1.50825         0.979278
         1.51076         0.979246
         1.51326         0.979214
         1.51576         0.979182
         1.51826          0.97915
         1.52076         0.979118
         1.52326         0.979086
         1.52576         0.979054
         1.52826         0.979022
         1.53077          0.97899
         1.53327         0.978958
         1.53577         0.978926
         1.53827         0.978894
         1.54077         0.978862
         1.54327          0.97883
         1.54577         0.978798
         1.54827         0.978766
         1.55078         0.978734
         1.55328         0.978702
         1.55578          0.97867
         1.55828         0.978638
         1.56078         0.978606
         1.56328         0.978574
         1.56578         0.978542
         1.56828          0.97851
         1.57079         0.978478
         1.57329         0.978446
         1.57579         0.978414
         1.57829         0.978382
         1.58079          0.97835
         1.58329         0.978318
         1.58579         0.978286
         1.58829         0.978254
          1.5908         0.978223
          1.5933         0.978191
          1.5958         0.978159
          1.5983         0.978127
          1.6008         0.978095
          1.6033         0.978063
          1.6058         0.978032
          1.6083            0.978
         1.61081         0.977968
         1.61331         0.977937
         1.61581         0.977905
         1.61831         0.977873
         1.62081         0.977842
         1.62331          0.97781
         1.62581         0.977779
         1.62831         0.977747
         1.63082         0.977716
         1.63332         0.977684
         1.63582         0.977653
         1.63832         0.977621
         1.64082          0.97759
         1.64332         0.977559
         1.64582         0.977528
         1.64832         0.977496
         1.65083         0.977465
         1.65333         0.977434
         1.65583         0.977403
         1.65833         0.977372
         1.66083         0.977341
         1.66333          0.97731
         1.66583         0.977279
         1.66833         0.977248
         1.67084         0.977218
         1.67334         0.977187
         1.67584         0.977156
         1.67834         0.977125
         1.68084         0.977095
         1.68334         0.977064
         1.68584         0.977034
         1.68834         0.977004
         1.69085         0.976973
         1.69335         0.976943
         1.69585         0.976913
         1.69835         0.976882
         1.70085         0.976852
         1.70335         0.976822
         1.70585         0.976792
         1.70835         0.976762
         1.71086         0.976733
         1.71336         0.976703
         1.71586         0.976673
         1.71836         0.976643
         1.72086         0.976614
         1.72336         0.976584
         1.72586         0.976555
         1.72836         0.976526
         1.73087         0.976496
         1.73337         0.976467
         1.73587         0.976438
         1.73837         0.976409
         1.74087          0.97638
         1.74337         0.976351
         1.74587         0.976322
         1.74837         0.976293
         1.75088         0.976265
         1.75338         0.976236
         1.75588         0.976208
         1.75838         0.976179
         1.76088         0.976151
         1.76338         0.976123
         1.76588         0.976095
         1.76838         0.976067
         1.77089         0.976039
         1.77339         0.976011
         1.77589         0.975983
         1.77839         0.975955
         1.78089         0.975928
         1.78339           0.9759
         1.78589         0.975873
         1.78839         0.975846
          1.7909         0.975818
          1.7934         0.975791
          1.7959         0.975764
          1.7984         0.975737
          1.8009         0.975711
          1.8034         0.975684
          1.8059         0.975657
          1.8084         0.975631
         1.81091         0.975605
         1.81341         0.975578
         1.81591         0.975552
         1.81841         0.975526
         1.82091           0.9755
         1.82341         0.975474
         1.82591         0.975449
         1.82841         0.975423
         1.83092         0.975398
         1.83342         0.975372
         1.83592         0.975347
         1.83842         0.975322
         1.84092         0.975297
         1.84342         0.975272
         1.84592         0.975247
         1.84842         0.975223
         1.85093         0.975198
         1.85343         0.975174
         1.85593          0.97515
         1.85843         0.975126
         1.86093         0.975102
         1.86343         0.975078
         1.86593         0.975054
         1.86843          0.97503
         1.87094         0.975007
         1.87344         0.974984
         1.87594          0.97496
         1.87844         0.974937
         1.88094         0.974914
         1.88344         0.974892
         1.88594         0.974869
         1.88844         0.974846
         1.89095         0.974824
         1.89345         0.974802
         1.89595          0.97478
         1.89845         0.974758
         1.90095         0.974736
         1.90345         0.974714
         1.90595         0.974693
         1.90845         0.974671
         1.91096          0.97465
         1.91346         0.974629
         1.91596         0.974608
         1.91846         0.974587
         1.92096         0.974567
         1.92346         0.974546
         1.92596         0.974526
         1.92846         0.974506
         1.93097         0.974486
         1.93347         0.974466
         1.93597         0.974446
         1.93847         0.974427
         1.94097         0.974408
         1.94347         0.974388
         1.94597         0.974369
         1.94847          0.97435
         1.95098         0.974332
         1.95348         0.974313
         1.95598         0.974295
         1.95848         0.974277
         1.96098         0.974259
         1.96348         0.974241
         1.96598         0.974223
         1.96848         0.974206
         1.97099         0.974188
         1.97349         0.974171
         1.97599         0.974154
         1.97849         0.974137
         1.98099         0.974121
         1.98349         0.974104
         1.98599         0.974088
         1.98849         0.974072
           1.991         0.974056
          1.9935          0.97404
           1.996         0.974025
          1.9985         0.974009
           2.001         0.973994
          2.0035         0.973979
           2.006         0.973964
          2.0085         0.973949
         2.01101         0.973935
         2.01351         0.973921
         2.01601         0.973907
         2.01851         0.973893
         2.02101         0.973879
         2.02351         0.973866
         2.02601         0.973852
         2.02851         0.973839
         2.03102         0.973826
         2.03352         0.973813
         2.03602           0.9738
         2.03852         0.973788
         2.04102         0.973776
         2.04352         0.973763
         2.04602         0.973752
         2.04852          0.97374
         2.05103         0.973728
         2.05353         0.973717
         2.05603         0.973705
         2.05853         0.973694
         2.06103         0.973683
         2.06353         0.973672
         2.06603         0.973662
         2.06853         0.973651
         2.07104         0.973641
         2.07354         0.973631
         2.07604         0.973621
         2.07854         0.973611
         2.08104         0.973601
         2.08354         0.973592
         2.08604         0.973583
         2.08854         0.973573
         2.09105         0.973564
         2.09355         0.973556
         2.09605         0.973547
         2.09855         0.973538
         2.10105          0.97353
         2.10355         0.973522
         2.10605         0.973514
         2.10855         0.973506
         2.11106         0.973498
         2.11356          0.97349
         2.11606         0.973483
         2.11856         0.973475
         2.12106         0.973468
         2.12356         0.973461
         2.12606         0.973454
         2.12856         0.973447
         2.13107         0.973441
         2.13357         0.973434
         2.13607         0.973428
         2.13857         0.973422
         2.14107         0.973416
         2.14357          0.97341
         2.14607         0.973404
         2.14857         0.973398
         2.15108         0.973393
         2.15358         0.973387
         2.15608         0.973382
         2.15858         0.973377
         2.16108         0.973372
         2.16358         0.973367
         2.16608         0.973363
         2.16858         0.973358
         2.17109         0.973354
         2.17359         0.973349
         2.17609         0.973345
         2.17859         0.973341
         2.18109         0.973337
         2.18359         0.973333
         2.18609          0.97333
         2.18859         0.973326
          2.1911         0.973323
          2.1936         0.973319
          2.1961         0.973316
          2.1986         0.973313
          2.2011          0.97331
          2.2036         0.973307
          2.2061         0.973305
          2.2086         0.973302
         2.21111         0.973299
         2.21361         0.973297
         2.21611         0.973295
         2.21861         0.973293
         2.22111         0.973291
         2.22361         0.973289
         2.22611         0.973287
         2.22861         0.973285
         2.23112         0.973284
         2.23362         0.973282
         2.23612         0.973281
         2.23862          0.97328
         2.24112         0.973279
         2.24362         0.973278
         2.24612         0.973277
         2.24862         0.973276
         2.25113         0.973275
         2.25363         0.973275
         2.25613         0.973274
         2.25863         0.973274
         2.26113         0.973273
         2.26363         0.973273
         2.26613         0.973273
         2.26863         0.973273
         2.27114         0.973273
         2.27364         0.973273
         2.27614         0.973274
         2.27864         0.973274
         2.28114         0.973275
         2.28364         0.973275
         2.28614         0.973276
         2.28864         0.973277
         2.29115         0.973277
         2.29365         0.973278
         2.29615         0.973279
         2.29865          0.97328
         2.30115         0.973282
         2.30365         0.973283
         2.30615         0.973284
         2.30865         0.973286
         2.31116         0.973287
         2.31366         0.973289
         2.31616         0.973291
         2.31866         0.973292
         2.32116         0.973294
         2.32366         0.973296
         2.32616         0.973298
         2.32866           0.9733
         2.33117         0.973302
         2.33367         0.973305
         2.33617         0.973307
         2.33867         0.973309
         2.34117         0.973312
         2.34367         0.973315
         2.34617         0.973317
         2.34867          0.97332
         2.35118         0.973323
         2.35368         0.973325
         2.35618         0.973328
         2.35868         0.973331
         2.36118         0.973334
         2.36368         0.973337
         2.36618         0.973341
         2.36868         0.973344
         2.37119         0.973347
         2.37369         0.973351
         2.37619         0.973354
         2.37869         0.973358
         2.38119         0.973361
         2.38369         0.973365
         2.38619         0.973368
         2.38869         0.973372
          2.3912         0.973376
          2.3937          0.97338
          2.3962         0.973384
          2.3987         0.973388
          2.4012         0.973392
          2.4037         0.973396
          2.4062           0.9734
          2.4087         0.973404
         2.41121         0.973408
         2.41371         0.973412
         2.41621         0.973417
         2.41871         0.973421
         2.42121         0.973426
         2.42371          0.97343
         2.42621         0.973435
         2.42871         0.973439
         2.43122         0.973444
         2.43372         0.973448
         2.43622         0.973453
         2.43872         0.973458
         2.44122         0.973462
         2.44372         0.973467
         2.44622         0.973472
         2.44872         0.973477
         2.45123         0.973482
         2.45373         0.973487
         2.45623         0.973492
         2.45873         0.973497
         2.46123         0.973502
         2.46373         0.973507
         2.46623         0.973512
         2.46873         0.973517
         2.47124         0.973523
         2.47374         0.973528
         2.47624         0.973533
         2.47874         0.973538
         2.48124         0.973544
         2.48374         0.973549
         2.48624         0.973554
         2.48874          0.97356
         2.49125         0.973565
         2.49375         0.973571
         2.49625         0.973576
         2.49875         0.973582
         2.50125         0.973587
         2.50375         0.973593
         2.50625         0.973598
         2.50875         0.973604
         2.51126         0.973609
         2.51376         0.973615
         2.51626         0.973621
         2.51876         0.973626
         2.52126         0.973632
         2.52376         0.973637
         2.52626         0.973643
         2.52876         0.973649
         2.53127         0.973655
         2.53377          0.97366
         2.53627         0.973666
         2.53877         0.973672
         2.54127         0.973677
         2.54377         0.973683
         2.54627         0.973689
         2.54877         0.973695
         2.55128           0.9737
         2.55378         0.973706
         2.55628         0.973712
         2.55878         0.973718
         2.56128         0.973723
         2.56378         0.973729
         2.56628         0.973735
         2.56878         0.973741
         2.57129         0.973747
         2.57379         0.973752
         2.57629         0.973758
         2.57879         0.973764
         2.58129          0.97377
         2.58379         0.973775
         2.58629         0.973781
         2.58879         0.973787
          2.5913         0.973792
          2.5938         0.973798
          2.5963         0.973804
          2.5988          0.97381
          2.6013         0.973815
          2.6038         0.973821
          2.6063         0.973827
          2.6088         0.973832
         2.61131         0.973838
         2.61381         0.973843
         2.61631         0.973849
         2.61881         0.973855
         2.62131          0.97386
         2.62381         0.973866
         2.62631         0.973871
         2.62881         0.973877
         2.63132         0.973882
         2.63382         0.973888
         2.63632         0.973893
         2.63882         0.973898
         2.64132         0.973904
         2.64382         0.973909
         2.64632         0.973914
         2.64882          0.97392
         2.65133         0.973925
         2.65383          0.97393
         2.65633         0.973935
         2.65883         0.973941
         2.66133         0.973946
         2.66383         0.973951
         2.66633         0.973956
         2.66883         0.973961
         2.67134         0.973966
         2.67384         0.973971
         2.67634         0.973976
         2.67884         0.973981
         2.68134         0.973986
         2.68384         0.973991
         2.68634         0.973995
         2.68884            0.974
         2.69135         0.974005
         2.69385         0.974009
         2.69635         0.974014
         2.69885         0.974019
         2.70135         0.974023
         2.70385         0.974028
         2.70635         0.974032
         2.70885         0.974036
         2.71136         0.974041
         2.71386         0.974045
         2.71636         0.974049
         2.71886         0.974053
         2.72136         0.974058
         2.72386         0.974062
         2.72636         0.974066
         2.72886          0.97407
         2.73137         0.974074
         2.73387         0.974077
         2.73637         0.974081
         2.73887         0.974085
         2.74137         0.974089
         2.74387         0.974092
         2.74637         0.974096
         2.74887         0.974099
         2.75138         0.974103
         2.75388         0.974106
         2.75638          0.97411
         2.75888         0.974113
         2.76138         0.974116
         2.76388         0.974119
         2.76638         0.974122
         2.76888         0.974125
         2.77139         0.974128
         2.77389         0.974131
         2.77639         0.974134
         2.77889         0.974137
         2.78139         0.974139
         2.78389         0.974142
         2.78639         0.974144
         2.78889         0.974147
          2.7914         0.974149
          2.7939         0.974151
          2.7964         0.974154
          2.7989         0.974156
          2.8014         0.974158
          2.8039          0.97416
          2.8064         0.974162
          2.8089         0.974163
         2.81141         0.974165
         2.81391         0.974167
         2.81641         0.974168
         2.81891          0.97417
         2.82141         0.974171
         2.82391         0.974173
         2.82641         0.974174
         2.82891         0.974175
         2.83142         0.974176
         2.83392         0.974177
         2.83642         0.974178
         2.83892         0.974179
         2.84142         0.974179
         2.84392          0.97418
         2.84642          0.97418
         2.84892         0.974181
         2.85143         0.974181
         2.85393         0.974181
         2.85643         0.974181
         2.85893         0.974181
         2.86143         0.974181
         2.86393         0.974181
         2.86643         0.974181
         2.86893         0.974181
         2.87144          0.97418
         2.87394          0.97418
         2.87644         0.974179
         2.87894         0.974178
         2.88144         0.974177
         2.88394         0.974176
         2.88644         0.974175
         2.88894         0.974174
         2.89145         0.974173
         2.89395         0.974171
         2.89645          0.97417
         2.89895         0.974168
         2.90145         0.974166
         2.90395         0.974164
         2.90645         0.974162
         2.90895          0.97416
         2.91146         0.974158
         2.91396         0.974156
         2.91646         0.974153
         2.91896         0.974151
         2.92146         0.974148
         2.92396         0.974145
         2.92646         0.974143
         2.92896          0.97414
         2.93147         0.974136
         2.93397         0.974133
         2.93647          0.97413
         2.93897         0.974126
         2.94147         0.974123
         2.94397         0.974119
         2.94647         0.974115
         2.94897         0.974111
         2.95148         0.974107
         2.95398         0.974103
         2.95648         0.974098
         2.95898         0.974094
         2.96148         0.974089
         2.96398         0.974084
         2.96648         0.974079
         2.96898         0.974074
         2.97149         0.974069
         2.97399         0.974064
         2.97649         0.974058
         2.97899         0.974053
         2.98149         0.974047
         2.98399         0.974041
         2.98649         0.974035
         2.98899         0.974029
          2.9915         0.974022
           2.994         0.974016
          2.9965         0.974009
           2.999         0.974003
          3.0015         0.973996
           3.004         0.973989
          3.0065         0.973982
           3.009         0.973974
         3.01151         0.973967
         3.01401         0.973959
         3.01651         0.973952
         3.01901         0.973944
         3.02151         0.973936
         3.02401         0.973928
         3.02651         0.973919
         3.02901         0.973911
         3.03152         0.973902
         3.03402         0.973894
         3.03652         0.973885
         3.03902         0.973876
         3.04152         0.973867
         3.04402         0.973857
         3.04652         0.973848
         3.04902         0.973838
         3.05153         0.973829
         3.05403         0.973819
         3.05653         0.973809
         3.05903         0.973799
         3.06153         0.973789
         3.06403         0.973778
         3.06653         0.973768
         3.06903         0.973757
         3.07154         0.973746
         3.07404         0.973736
         3.07654         0.973725
         3.07904         0.973713
         3.08154         0.973702
         3.08404         0.973691
         3.08654         0.973679
         3.08904         0.973668
         3.09155         0.973656
         3.09405         0.973644
         3.09655         0.973632
         3.09905          0.97362
         3.10155         0.973607
         3.10405         0.973595
         3.10655         0.973582
         3.10905         0.973569
         3.11156         0.973557
         3.11406         0.973544
         3.11656         0.973531
         3.11906         0.973517
         3.12156         0.973504
         3.12406         0.973491
         3.12656         0.973477
         3.12906         0.973463
         3.13157         0.973449
         3.13407         0.973435
         3.13657         0.973421
         3.13907         0.973407
         3.14157         0.973393
         3.14407         0.973378
         3.14657         0.973364
         3.14907         0.973349
         3.15158         0.973334
         3.15408         0.973319
         3.15658         0.973304
         3.15908         0.973289
         3.16158         0.973274
         3.16408         0.973259
         3.16658         0.973243
         3.16908         0.973227
         3.17159         0.973212
         3.17409         0.973196
         3.17659          0.97318
         3.17909         0.973164
         3.18159         0.973147
         3.18409         0.973131
         3.18659         0.973115
         3.18909         0.973098
          3.1916         0.973081
          3.1941         0.973065
          3.1966         0.973048
          3.1991         0.973031
          3.2016         0.973014
          3.2041         0.972996
          3.2066         0.972979
          3.2091         0.972961
         3.21161         0.972944
         3.21411         0.972926
         3.21661         0.972908
         3.21911          0.97289
         3.22161         0.972872
         3.22411         0.972854
         3.22661         0.972836
         3.22911         0.972818
         3.23162         0.972799
         3.23412         0.972781
         3.23662         0.972762
         3.23912         0.972743
         3.24162         0.972724
         3.24412         0.972705
         3.24662         0.972686
         3.24912         0.972667
         3.25163         0.972648
         3.25413         0.972628
         3.25663         0.972609
         3.25913         0.972589
         3.26163          0.97257
         3.26413          0.97255
         3.26663          0.97253
         3.26913          0.97251
         3.27164          0.97249
         3.27414          0.97247
         3.27664         0.972449
         3.27914         0.972429
         3.28164         0.972408
         3.28414         0.972388
         3.28664         0.972367
         3.28914         0.972346
         3.29165         0.972325
         3.29415         0.972304
         3.29665         0.972283
         3.29915         0.972262
         3.30165         0.972241
         3.30415         0.972219
         3.30665         0.972198
         3.30915         0.972176
         3.31166         0.972154
         3.31416         0.972133
         3.31666         0.972111
         3.31916         0.972089
         3.32166         0.972067
         3.32416         0.972045
         3.32666         0.972022
         3.32916            0.972
         3.33167         0.971978
         3.33417         0.971955
         3.33667         0.971933
         3.33917          0.97191
         3.34167         0.971887
         3.34417         0.971864
         3.34667         0.971841
         3.34917         0.971818
         3.35168         0.971795
         3.35418         0.971772
         3.35668         0.971748
         3.35918         0.971725
         3.36168         0.971702
         3.36418         0.971678
         3.36668         0.971654
         3.36918         0.971631
         3.37169         0.971607
         3.37419         0.971583
         3.37669         0.971559
         3.37919         0.971535
         3.38169         0.971511
         3.38419         0.971486
         3.38669         0.971462
         3.38919         0.971438
          3.3917         0.971413
          3.3942         0.971388
          3.3967         0.971364
          3.3992         0.971339
          3.4017         0.971314
          3.4042         0.971289
          3.4067         0.971264
          3.4092         0.971239
         3.41171         0.971214
         3.41421         0.971189
         3.41671         0.971164
         3.41921         0.971138
         3.42171         0.971113
         3.42421         0.971087
         3.42671         0.971062
         3.42921         0.971036
         3.43172          0.97101
         3.43422         0.970984
         3.43672         0.970958
         3.43922         0.970933
         3.44172         0.970906
         3.44422          0.97088
         3.44672         0.970854
         3.44922         0.970828
         3.45173         0.970802
         3.45423         0.970775
         3.45673         0.970749
         3.45923         0.970722
         3.46173         0.970695
         3.46423         0.970669
         3.46673         0.970642
         3.46923         0.970615
         3.47174         0.970588
         3.47424         0.970561
         3.47674         0.970534
         3.47924         0.970507
         3.48174          0.97048
         3.48424         0.970453
         3.48674         0.970425
         3.48924         0.970398
         3.49175         0.970371
         3.49425         0.970343
         3.49675         0.970315
         3.49925         0.970288
         3.50175          0.97026
         3.50425         0.970232
         3.50675         0.970204
         3.50925         0.970177
         3.51176         0.970149
         3.51426         0.970121
         3.51676         0.970093
         3.51926         0.970064
         3.52176         0.970036
         3.52426         0.970008
         3.52676          0.96998
         3.52926         0.969951
         3.53177         0.969923
         3.53427         0.969894
         3.53677         0.969866
         3.53927         0.969837
         3.54177         0.969808
         3.54427          0.96978
         3.54677         0.969751
         3.54927         0.969722
         3.55178         0.969693
         3.55428         0.969664
         3.55678         0.969635
         3.55928         0.969606
         3.56178         0.969577
         3.56428         0.969548
         3.56678         0.969519
         3.56928         0.969489
         3.57179          0.96946
         3.57429         0.969431
         3.57679         0.969401
         3.57929         0.969372
         3.58179         0.969342
         3.58429         0.969312
         3.58679         0.969283
         3.58929         0.969253
          3.5918         0.969223
          3.5943         0.969194
          3.5968         0.969164
          3.5993         0.969134
          3.6018         0.969104
          3.6043         0.969074
          3.6068         0.969044
          3.6093         0.969014
         3.61181         0.968984
         3.61431         0.968953
         3.61681         0.968923
         3.61931         0.968893
         3.62181         0.968863
         3.62431         0.968832
         3.62681         0.968802
         3.62931         0.968771
         3.63182         0.968741
         3.63432          0.96871
         3.63682          0.96868
         3.63932         0.968649
         3.64182         0.968619
         3.64432         0.968588
         3.64682         0.968557
         3.64932         0.968526
         3.65183         0.968496
         3.65433         0.968465
         3.65683         0.968434
         3.65933         0.968403
         3.66183         0.968372
         3.66433         0.968341
         3.66683          0.96831
         3.66933         0.968279
         3.67184         0.968248
         3.67434         0.968217
         3.67684         0.968185
         3.67934         0.968154
         3.68184         0.968123
         3.68434         0.968092
         3.68684          0.96806
         3.68934         0.968029
         3.69185         0.967997
         3.69435         0.967966
         3.69685         0.967935
         3.69935         0.967903
         3.70185         0.967871
         3.70435          0.96784
         3.70685         0.967808
         3.70935         0.967777
         3.71186         0.967745
         3.71436         0.967713
         3.71686         0.967682
         3.71936          0.96765
         3.72186         0.967618
         3.72436         0.967586
         3.72686         0.967554
         3.72936         0.967523
         3.73187         0.967491
         3.73437         0.967459
         3.73687         0.967427
         3.73937         0.967395
         3.74187         0.967363
         3.74437         0.967331
         3.74687         0.967299
         3.74937         0.967267
         3.75188         0.967235
         3.75438         0.967203
         3.75688          0.96717
         3.75938         0.967138
         3.76188         0.967106
         3.76438         0.967074
         3.76688         0.967042
         3.76938         0.967009
         3.77189         0.966977
         3.77439         0.966945
         3.77689         0.966913
         3.77939          0.96688
         3.78189         0.966848
         3.78439         0.966816
         3.78689         0.966783
         3.78939         0.966751
          3.7919         0.966718
          3.7944         0.966686
          3.7969         0.966653
          3.7994         0.966621
          3.8019         0.966589
          3.8044         0.966556
          3.8069         0.966524
          3.8094         0.966491
         3.81191         0.966458
         3.81441         0.966426
         3.81691         0.966393
         3.81941         0.966361
         3.82191         0.966328
         3.82441         0.966296
         3.82691         0.966263
         3.82941          0.96623
         3.83192         0.966198
         3.83442         0.966165
         3.83692         0.966132
         3.83942           0.9661
         3.84192         0.966067
         3.84442         0.966034
         3.84692         0.966002
         3.84942         0.965969
         3.85193         0.965936
         3.85443         0.965903
         3.85693         0.965871
         3.85943         0.965838
         3.86193         0.965805
         3.86443         0.965772
         3.86693          0.96574
         3.86943         0.965707
         3.87194         0.965674
         3.87444         0.965641
         3.87694         0.965609
         3.87944         0.965576
         3.88194         0.965543
         3.88444          0.96551
         3.88694         0.965478
         3.88944         0.965445
         3.89195         0.965412
         3.89445         0.965379
         3.89695         0.965346
         3.89945         0.965314
         3.90195         0.965281
         3.90445         0.965248
         3.90695         0.965215
         3.90945         0.965182
         3.91196          0.96515
         3.91446         0.965117
         3.91696         0.965084
         3.91946         0.965051
         3.92196         0.965019
         3.92446         0.964986
         3.92696         0.964953
         3.92946          0.96492
         3.93197         0.964887
         3.93447         0.964855
         3.93697         0.964822
         3.93947         0.964789
         3.94197         0.964757
         3.94447         0.964724
         3.94697         0.964691
         3.94947         0.964658
         3.95198         0.964626
         3.95448         0.964593
         3.95698          0.96456
         3.95948         0.964528
         3.96198         0.964495
         3.96448         0.964462
         3.96698          0.96443
         3.96948         0.964397
         3.97199         0.964364
         3.97449         0.964332
         3.97699         0.964299
         3.97949         0.964267
         3.98199         0.964234
         3.98449         0.964202
         3.98699         0.964169
         3.98949         0.964136
           3.992         0.964104
          3.9945         0.964071
           3.997         0.964039
          3.9995         0.964006
           4.002         0.963974
          4.0045         0.963942
           4.007         0.963909
          4.0095         0.963877
         4.01201         0.963844
         4.01451         0.963812
         4.01701          0.96378
         4.01951         0.963747
         4.02201         0.963715
         4.02451         0.963683
         4.02701          0.96365
         4.02951         0.963618
         4.03202         0.963586
         4.03452         0.963554
         4.03702         0.963522
         4.03952         0.963489
         4.04202         0.963457
         4.04452         0.963425
         4.04702         0.963393
         4.04952         0.963361
         4.05203         0.963329
         4.05453         0.963297
         4.05703         0.963265
         4.05953         0.963233
         4.06203         0.963201
         4.06453         0.963169
         4.06703         0.963137
         4.06953         0.963105
         4.07204         0.963073
         4.07454         0.963041
         4.07704         0.963009
         4.07954         0.962977
         4.08204         0.962945
         4.08454         0.962913
         4.08704         0.962882
         4.08954          0.96285
         4.09205         0.962818
         4.09455         0.962786
         4.09705         0.962755
         4.09955         0.962723
         4.10205         0.962691
         4.10455          0.96266
         4.10705         0.962628
         4.10955         0.962596
         4.11206         0.962565
         4.11456         0.962533
         4.11706         0.962502
         4.11956          0.96247
         4.12206         0.962439
         4.12456         0.962407
         4.12706         0.962376
         4.12956         0.962344
         4.13207         0.962313
         4.13457         0.962282
         4.13707          0.96225
         4.13957         0.962219
         4.14207         0.962188
         4.14457         0.962156
         4.14707         0.962125
         4.14957         0.962094
         4.15208         0.962063
         4.15458         0.962032
         4.15708         0.962001
         4.15958         0.961969
         4.16208         0.961938
         4.16458         0.961907
         4.16708         0.961876
         4.16958         0.961845
         4.17209         0.961814
         4.17459         0.961783
         4.17709         0.961752
         4.17959         0.961722
         4.18209         0.961691
         4.18459          0.96166
         4.18709         0.961629
         4.18959         0.961598
          4.1921         0.961568
          4.1946         0.961537
          4.1971         0.961506
          4.1996         0.961475
          4.2021         0.961445
          4.2046         0.961414
          4.2071         0.961384
          4.2096         0.961353
         4.21211         0.961323
         4.21461         0.961292
         4.21711         0.961262
         4.21961         0.961231
         4.22211         0.961201
         4.22461          0.96117
         4.22711          0.96114
         4.22961          0.96111
         4.23212          0.96108
         4.23462         0.961049
         4.23712         0.961019
         4.23962         0.960989
         4.24212         0.960959
         4.24462         0.960929
         4.24712         0.960899
         4.24962         0.960868
         4.25213         0.960838
         4.25463         0.960808
         4.25713         0.960778
         4.25963         0.960749
         4.26213         0.960719
         4.26463         0.960689
         4.26713         0.960659
         4.26963         0.960629
         4.27214         0.960599
         4.27464          0.96057
         4.27714          0.96054
         4.27964          0.96051
         4.28214         0.960481
         4.28464         0.960451
         4.28714         0.960422
         4.28964         0.960392
         4.29215         0.960363
         4.29465         0.960333
         4.29715         0.960304
         4.29965         0.960274
         4.30215         0.960245
         4.30465         0.960216
         4.30715         0.960186
         4.30965         0.960157
         4.31216         0.960128
         4.31466         0.960099
         4.31716          0.96007
         4.31966          0.96004
         4.32216         0.960011
         4.32466         0.959982
         4.32716         0.959953
         4.32966         0.959924
         4.33217         0.959895
         4.33467         0.959867
         4.33717         0.959838
         4.33967         0.959809
         4.34217          0.95978
         4.34467         0.959751
         4.34717         0.959723
         4.34967         0.959694
         4.35218         0.959665
         4.35468         0.959637
         4.35718         0.959608
         4.35968          0.95958
         4.36218         0.959551
         4.36468         0.959523
         4.36718         0.959495
         4.36968         0.959466
         4.37219         0.959438
         4.37469          0.95941
         4.37719         0.959381
         4.37969         0.959353
         4.38219         0.959325
         4.38469         0.959297
         4.38719         0.959269
         4.38969         0.959241
          4.3922         0.959213
          4.3947         0.959185
          4.3972         0.959157
          4.3997         0.959129
          4.4022         0.959101
          4.4047         0.959074
          4.4072         0.959046
          4.4097         0.959018
         4.41221         0.958991
         4.41471         0.958963
         4.41721         0.958935
         4.41971         0.958908
         4.42221          0.95888
         4.42471         0.958853
         4.42721         0.958825
         4.42971         0.958798
         4.43222         0.958771
         4.43472         0.958744
         4.43722         0.958716
         4.43972         0.958689
         4.44222         0.958662
         4.44472         0.958635
         4.44722         0.958608
         4.44972         0.958581
         4.45223         0.958554
         4.45473         0.958527
         4.45723           0.9585
         4.45973         0.958473
         4.46223         0.958447
         4.46473          0.95842
         4.46723         0.958393
         4.46973         0.958366
         4.47224          0.95834
         4.47474         0.958313
         4.47724         0.958287
         4.47974          0.95826
         4.48224         0.958234
         4.48474         0.958208
         4.48724         0.958181
         4.48974         0.958155
         4.49225         0.958129
         4.49475         0.958103
         4.49725         0.958076
         4.49975          0.95805
         4.50225         0.958024
         4.50475         0.957998
         4.50725         0.957972
         4.50975         0.957947
         4.51226         0.957921
         4.51476         0.957895
         4.51726         0.957869
         4.51976         0.957843
         4.52226         0.957818
         4.52476         0.957792
         4.52726         0.957767
         4.52976         0.957741
         4.53227         0.957716
         4.53477          0.95769
         4.53727         0.957665
         4.53977          0.95764
         4.54227         0.957614
         4.54477         0.957589
         4.54727         0.957564
         4.54977         0.957539
         4.55228         0.957514
         4.55478         0.957489
         4.55728         0.957464
         4.55978         0.957439
         4.56228         0.957414
         4.56478         0.957389
         4.56728         0.957365
         4.56978          0.95734
         4.57229         0.957315
         4.57479         0.957291
         4.57729         0.957266
         4.57979         0.957242
         4.58229         0.957217
         4.58479         0.957193
         4.58729         0.957169
         4.58979         0.957144
          4.5923          0.95712
          4.5948         0.957096
          4.5973         0.957072
          4.5998         0.957048
          4.6023         0.957024
          4.6048            0.957
          4.6073         0.956976
          4.6098         0.956952
         4.61231         0.956928
         4.61481         0.956905
         4.61731         0.956881
         4.61981         0.956857
         4.62231         0.956834
         4.62481          0.95681
         4.62731         0.956787
         4.62981         0.956763
         4.63232          0.95674
         4.63482         0.956717
         4.63732         0.956693
         4.63982          0.95667
         4.64232         0.956647
         4.64482         0.956624
         4.64732         0.956601
         4.64982         0.956578
         4.65233         0.956555
         4.65483         0.956532
         4.65733          0.95651
         4.65983         0.956487
         4.66233         0.956464
         4.66483         0.956442
         4.66733         0.956419
         4.66983         0.956397
         4.67234         0.956374
         4.67484         0.956352
         4.67734          0.95633
         4.67984         0.956307
         4.68234         0.956285
         4.68484         0.956263
         4.68734         0.956241
         4.68984         0.956219
         4.69235         0.956197
         4.69485         0.956175
         4.69735         0.956153
         4.69985         0.956131
         4.70235          0.95611
         4.70485         0.956088
         4.70735         0.956066
         4.70985         0.956045
         4.71236         0.956023
         4.71486         0.956002
         4.71736         0.955981
         4.71986         0.955959
         4.72236         0.955938
         4.72486         0.955917
         4.72736         0.955896
         4.72986         0.955875
         4.73237         0.955854
         4.73487         0.955833
         4.73737         0.955812
         4.73987         0.955791
         4.74237         0.955771
         4.74487          0.95575
         4.74737         0.955729
         4.74987         0.955709
         4.75238         0.955688
         4.75488         0.955668
         4.75738         0.955647
         4.75988         0.955627
         4.76238         0.955607
         4.76488         0.955587
         4.76738         0.955567
         4.76988         0.955547
         4.77239         0.955527
         4.77489         0.955507
         4.77739         0.955487
         4.77989         0.955467
         4.78239         0.955447
         4.78489         0.955428
         4.78739         0.955408
         4.78989         0.955389
          4.7924         0.955369
          4.7949          0.95535
          4.7974         0.955331
          4.7999         0.955311
          4.8024         0.955292
          4.8049         0.955273
          4.8074         0.955254
          4.8099         0.955235
         4.81241         0.955216
         4.81491         0.955197
         4.81741         0.955178
         4.81991          0.95516
         4.82241         0.955141
         4.82491         0.955123
         4.82741         0.955104
         4.82991         0.955086
         4.83242         0.955067
         4.83492         0.955049
         4.83742         0.955031
         4.83992         0.955012
         4.84242         0.954994
         4.84492         0.954976
         4.84742         0.954958
         4.84992         0.954941
         4.85243         0.954923
         4.85493         0.954905
         4.85743         0.954887
         4.85993          0.95487
         4.86243         0.954852
         4.86493         0.954835
         4.86743         0.954817
         4.86993           0.9548
         4.87244         0.954783
         4.87494         0.954765
         4.87744         0.954748
         4.87994         0.954731
         4.88244         0.954714
         4.88494         0.954697
         4.88744         0.954681
         4.88994         0.954664
         4.89245         0.954647
         4.89495         0.954631
         4.89745         0.954614
         4.89995         0.954598
         4.90245         0.954581
         4.90495         0.954565
         4.90745         0.954549
         4.90995         0.954532
         4.91246         0.954516
         4.91496           0.9545
         4.91746         0.954484
         4.91996         0.954468
         4.92246         0.954453
         4.92496         0.954437
         4.92746         0.954421
         4.92996         0.954406
         4.93247          0.95439
         4.93497         0.954375
         4.93747         0.954359
         4.93997         0.954344
         4.94247         0.954329
         4.94497         0.954314
         4.94747         0.954299
         4.94997         0.954284
         4.95248         0.954269
         4.95498         0.954254
         4.95748         0.954239
         4.95998         0.954224
         4.96248          0.95421
         4.96498         0.954195
         4.96748         0.954181
         4.96998         0.954166
         4.97249         0.954152
         4.97499         0.954138
         4.97749         0.954124
         4.97999          0.95411
         4.98249         0.954096
         4.98499         0.954082
         4.98749         0.954068
         4.98999         0.954054
          4.9925         0.954041
           4.995         0.954027
          4.9975         0.954013
               5            0.954
