0 0.397018
0.00250125 0.300007
0.0050025 0.300087
0.00750375 0.300258
0.010005 0.300518
0.0125063 0.300867
0.0150075 0.300304
0.0175088 0.300828
0.02001 0.300439
0.0225113 0.300136
0.0250125 0.300918
0.0275138 0.300783
0.030015 0.300732
0.0325163 0.300764
0.0350175 0.300878
0.0375188 0.300072
0.04002 0.300347
0.0425213 0.300701
0.0450225 0.300134
0.0475238 0.300645
0.050025 0.300233
0.0525263 0.300897
0.0550275 0.300637
0.0575288 0.300452
0.06003 0.30034
0.0625313 0.300302
0.0650325 0.300336
0.0675338 0.300442
0.070035 0.300618
0.0725363 0.300865
0.0750375 0.300181
0.0775388 0.300566
0.08004 0.300018
0.0825413 0.300537
0.0850425 0.300122
0.0875438 0.300773
0.090045 0.300488
0.0925463 0.300268
0.0950475 0.30011
0.0975488 0.300014
0.10005 0.29998
0.102551 0.299006
0.105053 0.298093
0.107554 0.297238
0.110055 0.296442
0.112556 0.295704
0.115058 0.295022
0.117559 0.294396
0.12006 0.293826
0.122561 0.293309
0.125063 0.292847
0.127564 0.292437
0.130065 0.292079
0.132566 0.291773
0.135068 0.291517
0.137569 0.291311
0.14007 0.291154
0.142571 0.291045
0.145073 0.290984
0.147574 0.290969
0.150075 0.290999
0.152576 0.291075
0.155078 0.291195
0.157579 0.291359
0.16008 0.291565
0.162581 0.291813
0.165083 0.292103
0.167584 0.292432
0.170085 0.292801
0.172586 0.293209
0.175088 0.293655
0.177589 0.294138
0.18009 0.294658
0.182591 0.295213
0.185093 0.295803
0.187594 0.296427
0.190095 0.297085
0.192596 0.297775
0.195098 0.298496
0.197599 0.299249
0.2001 0.300032
0.202601 0.300844
0.205103 0.301684
0.207604 0.30255
0.210105 0.303442
0.212606 0.304357
0.215108 0.305294
0.217609 0.306252
0.22011 0.307229
0.222611 0.308224
0.225113 0.309236
0.227614 0.310262
0.230115 0.311302
0.232616 0.312354
0.235118 0.313417
0.237619 0.314488
0.24012 0.315568
0.242621 0.316654
0.245123 0.317744
0.247624 0.318838
0.250125 0.319934
0.252626 0.321031
0.255128 0.322126
0.257629 0.32322
0.26013 0.324309
0.262631 0.325393
0.265133 0.326471
0.267634 0.327541
0.270135 0.3286
0.272636 0.329649
0.275138 0.330686
0.277639 0.331708
0.28014 0.332716
0.282641 0.333706
0.285143 0.334678
0.287644 0.335631
0.290145 0.336563
0.292646 0.337472
0.295148 0.338357
0.297649 0.339216
0.30015 0.340049
0.302651 0.340854
0.305153 0.341633
0.307654 0.342388
0.310155 0.34312
0.312656 0.343831
0.315158 0.344523
0.317659 0.345199
0.32016 0.345859
0.322661 0.346506
0.325163 0.347142
0.327664 0.347768
0.330165 0.348387
0.332666 0.348999
0.335168 0.349608
0.337669 0.350214
0.34017 0.35082
0.342671 0.351428
0.345173 0.352039
0.347674 0.352655
0.350175 0.353278
0.352676 0.353911
0.355178 0.354554
0.357679 0.35521
0.36018 0.35588
0.362681 0.356567
0.365183 0.357272
0.367684 0.357997
0.370185 0.358744
0.372686 0.359515
0.375188 0.360311
0.377689 0.361135
0.38019 0.361989
0.382691 0.362873
0.385193 0.363791
0.387694 0.364743
0.390195 0.365732
0.392696 0.36676
0.395198 0.367829
0.397699 0.368939
0.4002 0.370094
0.402701 0.371291
0.405203 0.372515
0.407704 0.37375
0.410205 0.374979
0.412706 0.376184
0.415208 0.377348
0.417709 0.378455
0.42021 0.379488
0.422711 0.380429
0.425213 0.381262
0.427714 0.381969
0.430215 0.382533
0.432716 0.382938
0.435218 0.383167
0.437719 0.383202
0.44022 0.383027
0.442721 0.382624
0.445223 0.381977
0.447724 0.381068
0.450225 0.379881
0.452726 0.378426
0.455228 0.376795
0.457729 0.375097
0.46023 0.373442
0.462731 0.371938
0.465233 0.370693
0.467734 0.369817
0.470235 0.369419
0.472736 0.369606
0.475238 0.370489
0.477739 0.372175
0.48024 0.374773
0.482741 0.378393
0.485243 0.383143
0.487744 0.389132
0.490245 0.396468
0.492746 0.405261
0.495248 0.415618
0.497749 0.42765
0.50025 0.441465
0.502751 0.457104
0.505253 0.474412
0.507754 0.493195
0.510255 0.513262
0.512756 0.534419
0.515258 0.556473
0.517759 0.579231
0.52026 0.602502
0.522761 0.626091
0.525263 0.649807
0.527764 0.673456
0.530265 0.696845
0.532766 0.719783
0.535268 0.742075
0.537769 0.76353
0.54027 0.783953
0.542771 0.803154
0.545273 0.820938
0.547774 0.837113
0.550275 0.851487
0.552776 0.863939
0.555278 0.874561
0.557779 0.883482
0.56028 0.890831
0.562781 0.896738
0.565283 0.901331
0.567784 0.904739
0.570285 0.907092
0.572786 0.908519
0.575288 0.909148
0.577789 0.909109
0.58029 0.908532
0.582791 0.907544
0.585293 0.906276
0.587794 0.904856
0.590295 0.903414
0.592796 0.902078
0.595298 0.900978
0.597799 0.900243
0.6003 0.900001
0.602801 0.900342
0.605303 0.901239
0.607804 0.902647
0.610305 0.90452
0.612806 0.906812
0.615308 0.909477
0.617809 0.91247
0.62031 0.915745
0.622811 0.919256
0.625313 0.922957
0.627814 0.926803
0.630315 0.930748
0.632816 0.934747
0.635318 0.938753
0.637819 0.942721
0.64032 0.946604
0.642821 0.950358
0.645323 0.953937
0.647824 0.957294
0.650325 0.960385
0.652826 0.963178
0.655328 0.965683
0.657829 0.967915
0.66033 0.969892
0.662831 0.971629
0.665333 0.973143
0.667834 0.97445
0.670335 0.975567
0.672836 0.976509
0.675338 0.977293
0.677839 0.977935
0.68034 0.978451
0.682841 0.978858
0.685343 0.979173
0.687844 0.97941
0.690345 0.979587
0.692846 0.979719
0.695348 0.979824
0.697849 0.979917
0.70035 0.980015
0.702851 0.980129
0.705353 0.98026
0.707854 0.980409
0.710355 0.980574
0.712856 0.980753
0.715358 0.980947
0.717859 0.981154
0.72036 0.981374
0.722861 0.981606
0.725363 0.981848
0.727864 0.982101
0.730365 0.982362
0.732866 0.982633
0.735368 0.98291
0.737869 0.983195
0.74037 0.983485
0.742871 0.98378
0.745373 0.98408
0.747874 0.984382
0.750375 0.984688
0.752876 0.984995
0.755378 0.985303
0.757879 0.98561
0.76038 0.985917
0.762881 0.986223
0.765383 0.986525
0.767884 0.986825
0.770385 0.98712
0.772886 0.98741
0.775388 0.987694
0.777889 0.987972
0.78039 0.988241
0.782891 0.988503
0.785393 0.988755
0.787894 0.988997
0.790395 0.989229
0.792896 0.989448
0.795398 0.989655
0.797899 0.989849
0.8004 0.990028
0.802901 0.990192
0.805403 0.990342
0.807904 0.990478
0.810405 0.9906
0.812906 0.99071
0.815408 0.990807
0.817909 0.990892
0.82041 0.990965
0.822911 0.991027
0.825413 0.991078
0.827914 0.991119
0.830415 0.991151
0.832916 0.991173
0.835418 0.991186
0.837919 0.991191
0.84042 0.991189
0.842921 0.991179
0.845423 0.991161
0.847924 0.991138
0.850425 0.991108
0.852926 0.991073
0.855428 0.991034
0.857929 0.990989
0.86043 0.99094
0.862931 0.990888
0.865433 0.990833
0.867934 0.990775
0.870435 0.990714
0.872936 0.990652
0.875438 0.990589
0.877939 0.990525
0.88044 0.990461
0.882941 0.990397
0.885443 0.990333
0.887944 0.990271
0.890445 0.99021
0.892946 0.990151
0.895448 0.990095
0.897949 0.990041
0.90045 0.989991
0.902951 0.989945
0.905453 0.989903
0.907954 0.989864
0.910455 0.989829
0.912956 0.989797
0.915458 0.989768
0.917959 0.989743
0.92046 0.98972
0.922961 0.989701
0.925463 0.989684
0.927964 0.989671
0.930465 0.989659
0.932966 0.989651
0.935468 0.989645
0.937969 0.989641
0.94047 0.98964
0.942971 0.98964
0.945473 0.989643
0.947974 0.989648
0.950475 0.989654
0.952976 0.989662
0.955478 0.989672
0.957979 0.989683
0.96048 0.989696
0.962981 0.98971
0.965483 0.989725
0.967984 0.989741
0.970485 0.989759
0.972986 0.989777
0.975488 0.989796
0.977989 0.989815
0.98049 0.989835
0.982991 0.989856
0.985493 0.989877
0.987994 0.989898
0.990495 0.989919
0.992996 0.989941
0.995498 0.989962
0.997999 0.989983
1.0005 0.990004
1.003 0.990025
1.0055 0.990045
1.008 0.990065
1.01051 0.990084
1.01301 0.990103
1.01551 0.990122
1.01801 0.99014
1.02051 0.990158
1.02301 0.990176
1.02551 0.990194
1.02801 0.990211
1.03052 0.990227
1.03302 0.990244
1.03552 0.99026
1.03802 0.990275
1.04052 0.990291
1.04302 0.990306
1.04552 0.990321
1.04802 0.990335
1.05053 0.990349
1.05303 0.990363
1.05553 0.990377
1.05803 0.99039
1.06053 0.990403
1.06303 0.990415
1.06553 0.990427
1.06803 0.990439
1.07054 0.990451
1.07304 0.990462
1.07554 0.990474
1.07804 0.990484
1.08054 0.990495
1.08304 0.990505
1.08554 0.990515
1.08804 0.990525
1.09055 0.990534
1.09305 0.990543
1.09555 0.990552
1.09805 0.990561
1.10055 0.990569
1.10305 0.990577
1.10555 0.990585
1.10805 0.990592
1.11056 0.990599
1.11306 0.990606
1.11556 0.990613
1.11806 0.990619
1.12056 0.990626
1.12306 0.990632
1.12556 0.990637
1.12806 0.990643
1.13057 0.990648
1.13307 0.990653
1.13557 0.990658
1.13807 0.990662
1.14057 0.990666
1.14307 0.99067
1.14557 0.990674
1.14807 0.990678
1.15058 0.990681
1.15308 0.990684
1.15558 0.990687
1.15808 0.99069
1.16058 0.990692
1.16308 0.990695
1.16558 0.990697
1.16808 0.990698
1.17059 0.9907
1.17309 0.990702
1.17559 0.990703
1.17809 0.990704
1.18059 0.990705
1.18309 0.990705
1.18559 0.990706
1.18809 0.990706
1.1906 0.990706
1.1931 0.990706
1.1956 0.990706
1.1981 0.990705
1.2006 0.990704
1.2031 0.990704
1.2056 0.990703
1.2081 0.990701
1.21061 0.9907
1.21311 0.990699
1.21561 0.990697
1.21811 0.990695
1.22061 0.990693
1.22311 0.990691
1.22561 0.990688
1.22811 0.990686
1.23062 0.990683
1.23312 0.990681
1.23562 0.990678
1.23812 0.990675
1.24062 0.990671
1.24312 0.990668
1.24562 0.990664
1.24812 0.990661
1.25063 0.990657
1.25313 0.990653
1.25563 0.990649
1.25813 0.990645
1.26063 0.990641
1.26313 0.990636
1.26563 0.990632
1.26813 0.990627
1.27064 0.990622
1.27314 0.990618
1.27564 0.990613
1.27814 0.990607
1.28064 0.990602
1.28314 0.990597
1.28564 0.990592
1.28814 0.990586
1.29065 0.99058
1.29315 0.990575
1.29565 0.990569
1.29815 0.990563
1.30065 0.990557
1.30315 0.990551
1.30565 0.990545
1.30815 0.990539
1.31066 0.990533
1.31316 0.990526
1.31566 0.99052
1.31816 0.990513
1.32066 0.990507
1.32316 0.9905
1.32566 0.990493
1.32816 0.990487
1.33067 0.99048
1.33317 0.990473
1.33567 0.990466
1.33817 0.990459
1.34067 0.990452
1.34317 0.990445
1.34567 0.990438
1.34817 0.99043
1.35068 0.990423
1.35318 0.990416
1.35568 0.990409
1.35818 0.990401
1.36068 0.990394
1.36318 0.990386
1.36568 0.990379
1.36818 0.990371
1.37069 0.990364
1.37319 0.990356
1.37569 0.990349
1.37819 0.990341
1.38069 0.990334
1.38319 0.990326
1.38569 0.990319
1.38819 0.990311
1.3907 0.990304
1.3932 0.990296
1.3957 0.990288
1.3982 0.990281
1.4007 0.990273
1.4032 0.990266
1.4057 0.990258
1.4082 0.99025
1.41071 0.990243
1.41321 0.990235
1.41571 0.990228
1.41821 0.99022
1.42071 0.990213
1.42321 0.990205
1.42571 0.990198
1.42821 0.99019
1.43072 0.990183
1.43322 0.990176
1.43572 0.990168
1.43822 0.990161
1.44072 0.990154
1.44322 0.990147
1.44572 0.99014
1.44822 0.990132
1.45073 0.990125
1.45323 0.990118
1.45573 0.990111
1.45823 0.990105
1.46073 0.990098
1.46323 0.990091
1.46573 0.990084
1.46823 0.990078
1.47074 0.990071
1.47324 0.990065
1.47574 0.990058
1.47824 0.990052
1.48074 0.990046
1.48324 0.990039
1.48574 0.990033
1.48824 0.990027
1.49075 0.990021
1.49325 0.990015
1.49575 0.99001
1.49825 0.990004
1.50075 0.989998
1.50325 0.989993
1.50575 0.989987
1.50825 0.989982
1.51076 0.989977
1.51326 0.989972
1.51576 0.989967
1.51826 0.989962
1.52076 0.989957
1.52326 0.989952
1.52576 0.989948
1.52826 0.989943
1.53077 0.989939
1.53327 0.989934
1.53577 0.98993
1.53827 0.989926
1.54077 0.989922
1.54327 0.989918
1.54577 0.989914
1.54827 0.98991
1.55078 0.989906
1.55328 0.989902
1.55578 0.989899
1.55828 0.989895
1.56078 0.989892
1.56328 0.989888
1.56578 0.989885
1.56828 0.989882
1.57079 0.989879
1.57329 0.989876
1.57579 0.989873
1.57829 0.98987
1.58079 0.989867
1.58329 0.989864
1.58579 0.989862
1.58829 0.989859
1.5908 0.989857
1.5933 0.989854
1.5958 0.989852
1.5983 0.98985
1.6008 0.989847
1.6033 0.989845
1.6058 0.989843
1.6083 0.989841
1.61081 0.989839
1.61331 0.989837
1.61581 0.989836
1.61831 0.989834
1.62081 0.989832
1.62331 0.989831
1.62581 0.989829
1.62831 0.989828
1.63082 0.989826
1.63332 0.989825
1.63582 0.989824
1.63832 0.989822
1.64082 0.989821
1.64332 0.98982
1.64582 0.989819
1.64832 0.989818
1.65083 0.989817
1.65333 0.989817
1.65583 0.989816
1.65833 0.989815
1.66083 0.989814
1.66333 0.989814
1.66583 0.989813
1.66833 0.989813
1.67084 0.989812
1.67334 0.989812
1.67584 0.989812
1.67834 0.989811
1.68084 0.989811
1.68334 0.989811
1.68584 0.989811
1.68834 0.989811
1.69085 0.989811
1.69335 0.989811
1.69585 0.989811
1.69835 0.989811
1.70085 0.989811
1.70335 0.989811
1.70585 0.989812
1.70835 0.989812
1.71086 0.989812
1.71336 0.989813
1.71586 0.989813
1.71836 0.989814
1.72086 0.989814
1.72336 0.989815
1.72586 0.989816
1.72836 0.989816
1.73087 0.989817
1.73337 0.989818
1.73587 0.989819
1.73837 0.989819
1.74087 0.98982
1.74337 0.989821
1.74587 0.989822
1.74837 0.989823
1.75088 0.989824
1.75338 0.989825
1.75588 0.989826
1.75838 0.989827
1.76088 0.989828
1.76338 0.98983
1.76588 0.989831
1.76838 0.989832
1.77089 0.989833
1.77339 0.989835
1.77589 0.989836
1.77839 0.989837
1.78089 0.989839
1.78339 0.98984
1.78589 0.989842
1.78839 0.989843
1.7909 0.989845
1.7934 0.989846
1.7959 0.989848
1.7984 0.989849
1.8009 0.989851
1.8034 0.989852
1.8059 0.989854
1.8084 0.989856
1.81091 0.989857
1.81341 0.989859
1.81591 0.989861
1.81841 0.989863
1.82091 0.989864
1.82341 0.989866
1.82591 0.989868
1.82841 0.98987
1.83092 0.989872
1.83342 0.989874
1.83592 0.989875
1.83842 0.989877
1.84092 0.989879
1.84342 0.989881
1.84592 0.989883
1.84842 0.989885
1.85093 0.989887
1.85343 0.989889
1.85593 0.989891
1.85843 0.989893
1.86093 0.989895
1.86343 0.989897
1.86593 0.989899
1.86843 0.989901
1.87094 0.989903
1.87344 0.989905
1.87594 0.989907
1.87844 0.989909
1.88094 0.989911
1.88344 0.989913
1.88594 0.989915
1.88844 0.989917
1.89095 0.989919
1.89345 0.989921
1.89595 0.989923
1.89845 0.989925
1.90095 0.989927
1.90345 0.989929
1.90595 0.989931
1.90845 0.989933
1.91096 0.989935
1.91346 0.989937
1.91596 0.989939
1.91846 0.989941
1.92096 0.989943
1.92346 0.989945
1.92596 0.989947
1.92846 0.989949
1.93097 0.989951
1.93347 0.989953
1.93597 0.989955
1.93847 0.989957
1.94097 0.989959
1.94347 0.989961
1.94597 0.989963
1.94847 0.989965
1.95098 0.989967
1.95348 0.989968
1.95598 0.98997
1.95848 0.989972
1.96098 0.989974
1.96348 0.989976
1.96598 0.989978
1.96848 0.989979
1.97099 0.989981
1.97349 0.989983
1.97599 0.989985
1.97849 0.989986
1.98099 0.989988
1.98349 0.98999
1.98599 0.989991
1.98849 0.989993
1.991 0.989994
1.9935 0.989996
1.996 0.989998
1.9985 0.989999
2.001 0.990001
2.0035 0.990002
2.006 0.990004
2.0085 0.990005
2.01101 0.990006
2.01351 0.990008
2.01601 0.990009
2.01851 0.99001
2.02101 0.990012
2.02351 0.990013
2.02601 0.990014
2.02851 0.990015
2.03102 0.990017
2.03352 0.990018
2.03602 0.990019
2.03852 0.99002
2.04102 0.990021
2.04352 0.990022
2.04602 0.990023
2.04852 0.990024
2.05103 0.990025
2.05353 0.990026
2.05603 0.990027
2.05853 0.990028
2.06103 0.990029
2.06353 0.99003
2.06603 0.990031
2.06853 0.990032
2.07104 0.990033
2.07354 0.990033
2.07604 0.990034
2.07854 0.990035
2.08104 0.990036
2.08354 0.990036
2.08604 0.990037
2.08854 0.990038
2.09105 0.990038
2.09355 0.990039
2.09605 0.99004
2.09855 0.99004
2.10105 0.990041
2.10355 0.990042
2.10605 0.990042
2.10855 0.990043
2.11106 0.990043
2.11356 0.990044
2.11606 0.990044
2.11856 0.990045
2.12106 0.990045
2.12356 0.990045
2.12606 0.990046
2.12856 0.990046
2.13107 0.990047
2.13357 0.990047
2.13607 0.990047
2.13857 0.990048
2.14107 0.990048
2.14357 0.990048
2.14607 0.990048
2.14857 0.990049
2.15108 0.990049
2.15358 0.990049
2.15608 0.990049
2.15858 0.99005
2.16108 0.99005
2.16358 0.99005
2.16608 0.99005
2.16858 0.99005
2.17109 0.99005
2.17359 0.99005
2.17609 0.99005
2.17859 0.990051
2.18109 0.990051
2.18359 0.990051
2.18609 0.990051
2.18859 0.990051
2.1911 0.990051
2.1936 0.990051
2.1961 0.990051
2.1986 0.990051
2.2011 0.990051
2.2036 0.990051
2.2061 0.99005
2.2086 0.99005
2.21111 0.99005
2.21361 0.99005
2.21611 0.99005
2.21861 0.99005
2.22111 0.99005
2.22361 0.99005
2.22611 0.990049
2.22861 0.990049
2.23112 0.990049
2.23362 0.990049
2.23612 0.990049
2.23862 0.990048
2.24112 0.990048
2.24362 0.990048
2.24612 0.990048
2.24862 0.990047
2.25113 0.990047
2.25363 0.990047
2.25613 0.990047
2.25863 0.990046
2.26113 0.990046
2.26363 0.990046
2.26613 0.990045
2.26863 0.990045
2.27114 0.990045
2.27364 0.990044
2.27614 0.990044
2.27864 0.990044
2.28114 0.990043
2.28364 0.990043
2.28614 0.990042
2.28864 0.990042
2.29115 0.990042
2.29365 0.990041
2.29615 0.990041
2.29865 0.99004
2.30115 0.99004
2.30365 0.990039
2.30615 0.990039
2.30865 0.990039
2.31116 0.990038
2.31366 0.990038
2.31616 0.990037
2.31866 0.990037
2.32116 0.990036
2.32366 0.990036
2.32616 0.990035
2.32866 0.990035
2.33117 0.990034
2.33367 0.990034
2.33617 0.990033
2.33867 0.990033
2.34117 0.990032
2.34367 0.990032
2.34617 0.990031
2.34867 0.990031
2.35118 0.99003
2.35368 0.99003
2.35618 0.990029
2.35868 0.990029
2.36118 0.990028
2.36368 0.990028
2.36618 0.990027
2.36868 0.990027
2.37119 0.990026
2.37369 0.990025
2.37619 0.990025
2.37869 0.990024
2.38119 0.990024
2.38369 0.990023
2.38619 0.990023
2.38869 0.990022
2.3912 0.990022
2.3937 0.990021
2.3962 0.990021
2.3987 0.99002
2.4012 0.990019
2.4037 0.990019
2.4062 0.990018
2.4087 0.990018
2.41121 0.990017
2.41371 0.990017
2.41621 0.990016
2.41871 0.990016
2.42121 0.990015
2.42371 0.990015
2.42621 0.990014
2.42871 0.990014
2.43122 0.990013
2.43372 0.990013
2.43622 0.990012
2.43872 0.990011
2.44122 0.990011
2.44372 0.99001
2.44622 0.99001
2.44872 0.990009
2.45123 0.990009
2.45373 0.990008
2.45623 0.990008
2.45873 0.990007
2.46123 0.990007
2.46373 0.990006
2.46623 0.990006
2.46873 0.990005
2.47124 0.990005
2.47374 0.990005
2.47624 0.990004
2.47874 0.990004
2.48124 0.990003
2.48374 0.990003
2.48624 0.990002
2.48874 0.990002
2.49125 0.990001
2.49375 0.990001
2.49625 0.990001
2.49875 0.99
2.50125 0.99
2.50375 0.989999
2.50625 0.989999
2.50875 0.989999
2.51126 0.989998
2.51376 0.989998
2.51626 0.989998
2.51876 0.989997
2.52126 0.989997
2.52376 0.989997
2.52626 0.989996
2.52876 0.989996
2.53127 0.989996
2.53377 0.989995
2.53627 0.989995
2.53877 0.989995
2.54127 0.989994
2.54377 0.989994
2.54627 0.989994
2.54877 0.989993
2.55128 0.989993
2.55378 0.989993
2.55628 0.989993
2.55878 0.989992
2.56128 0.989992
2.56378 0.989992
2.56628 0.989992
2.56878 0.989991
2.57129 0.989991
2.57379 0.989991
2.57629 0.989991
2.57879 0.989991
2.58129 0.98999
2.58379 0.98999
2.58629 0.98999
2.58879 0.98999
2.5913 0.98999
2.5938 0.989989
2.5963 0.989989
2.5988 0.989989
2.6013 0.989989
2.6038 0.989989
2.6063 0.989989
2.6088 0.989989
2.61131 0.989988
2.61381 0.989988
2.61631 0.989988
2.61881 0.989988
2.62131 0.989988
2.62381 0.989988
2.62631 0.989988
2.62881 0.989988
2.63132 0.989988
2.63382 0.989987
2.63632 0.989987
2.63882 0.989987
2.64132 0.989987
2.64382 0.989987
2.64632 0.989987
2.64882 0.989987
2.65133 0.989987
2.65383 0.989987
2.65633 0.989987
2.65883 0.989987
2.66133 0.989987
2.66383 0.989987
2.66633 0.989987
2.66883 0.989987
2.67134 0.989987
2.67384 0.989986
2.67634 0.989986
2.67884 0.989986
2.68134 0.989986
2.68384 0.989986
2.68634 0.989986
2.68884 0.989986
2.69135 0.989986
2.69385 0.989986
2.69635 0.989986
2.69885 0.989986
2.70135 0.989986
2.70385 0.989986
2.70635 0.989986
2.70885 0.989987
2.71136 0.989987
2.71386 0.989987
2.71636 0.989987
2.71886 0.989987
2.72136 0.989987
2.72386 0.989987
2.72636 0.989987
2.72886 0.989987
2.73137 0.989987
2.73387 0.989987
2.73637 0.989987
2.73887 0.989987
2.74137 0.989987
2.74387 0.989987
2.74637 0.989987
2.74887 0.989987
2.75138 0.989987
2.75388 0.989987
2.75638 0.989988
2.75888 0.989988
2.76138 0.989988
2.76388 0.989988
2.76638 0.989988
2.76888 0.989988
2.77139 0.989988
2.77389 0.989988
2.77639 0.989988
2.77889 0.989988
2.78139 0.989988
2.78389 0.989989
2.78639 0.989989
2.78889 0.989989
2.7914 0.989989
2.7939 0.989989
2.7964 0.989989
2.7989 0.989989
2.8014 0.989989
2.8039 0.989989
2.8064 0.98999
2.8089 0.98999
2.81141 0.98999
2.81391 0.98999
2.81641 0.98999
2.81891 0.98999
2.82141 0.98999
2.82391 0.98999
2.82641 0.989991
2.82891 0.989991
2.83142 0.989991
2.83392 0.989991
2.83642 0.989991
2.83892 0.989991
2.84142 0.989991
2.84392 0.989991
2.84642 0.989992
2.84892 0.989992
2.85143 0.989992
2.85393 0.989992
2.85643 0.989992
2.85893 0.989992
2.86143 0.989992
2.86393 0.989993
2.86643 0.989993
2.86893 0.989993
2.87144 0.989993
2.87394 0.989993
2.87644 0.989993
2.87894 0.989993
2.88144 0.989994
2.88394 0.989994
2.88644 0.989994
2.88894 0.989994
2.89145 0.989994
2.89395 0.989994
2.89645 0.989994
2.89895 0.989995
2.90145 0.989995
2.90395 0.989995
2.90645 0.989995
2.90895 0.989995
2.91146 0.989995
2.91396 0.989996
2.91646 0.989996
2.91896 0.989996
2.92146 0.989996
2.92396 0.989996
2.92646 0.989996
2.92896 0.989996
2.93147 0.989997
2.93397 0.989997
2.93647 0.989997
2.93897 0.989997
2.94147 0.989997
2.94397 0.989997
2.94647 0.989997
2.94897 0.989997
2.95148 0.989998
2.95398 0.989998
2.95648 0.989998
2.95898 0.989998
2.96148 0.989998
2.96398 0.989998
2.96648 0.989998
2.96898 0.989999
2.97149 0.989999
2.97399 0.989999
2.97649 0.989999
2.97899 0.989999
2.98149 0.989999
2.98399 0.989999
2.98649 0.989999
2.98899 0.99
2.9915 0.99
2.994 0.99
2.9965 0.99
2.999 0.99
3.0015 0.99
3.004 0.99
3.0065 0.99
3.009 0.99
3.01151 0.99
3.01401 0.990001
3.01651 0.990001
3.01901 0.990001
3.02151 0.990001
3.02401 0.990001
3.02651 0.990001
3.02901 0.990001
3.03152 0.990001
3.03402 0.990001
3.03652 0.990001
3.03902 0.990001
3.04152 0.990002
3.04402 0.990002
3.04652 0.990002
3.04902 0.990002
3.05153 0.990002
3.05403 0.990002
3.05653 0.990002
3.05903 0.990002
3.06153 0.990002
3.06403 0.990002
3.06653 0.990002
3.06903 0.990002
3.07154 0.990002
3.07404 0.990002
3.07654 0.990002
3.07904 0.990003
3.08154 0.990003
3.08404 0.990003
3.08654 0.990003
3.08904 0.990003
3.09155 0.990003
3.09405 0.990003
3.09655 0.990003
3.09905 0.990003
3.10155 0.990003
3.10405 0.990003
3.10655 0.990003
3.10905 0.990003
3.11156 0.990003
3.11406 0.990003
3.11656 0.990003
3.11906 0.990003
3.12156 0.990003
3.12406 0.990003
3.12656 0.990003
3.12906 0.990003
3.13157 0.990003
3.13407 0.990003
3.13657 0.990003
3.13907 0.990003
3.14157 0.990003
3.14407 0.990003
3.14657 0.990003
3.14907 0.990004
3.15158 0.990004
3.15408 0.990004
3.15658 0.990004
3.15908 0.990004
3.16158 0.990004
3.16408 0.990004
3.16658 0.990004
3.16908 0.990004
3.17159 0.990004
3.17409 0.990004
3.17659 0.990004
3.17909 0.990004
3.18159 0.990004
3.18409 0.990004
3.18659 0.990004
3.18909 0.990004
3.1916 0.990004
3.1941 0.990004
3.1966 0.990004
3.1991 0.990004
3.2016 0.990004
3.2041 0.990004
3.2066 0.990004
3.2091 0.990004
3.21161 0.990004
3.21411 0.990004
3.21661 0.990004
3.21911 0.990004
3.22161 0.990004
3.22411 0.990004
3.22661 0.990004
3.22911 0.990004
3.23162 0.990004
3.23412 0.990004
3.23662 0.990003
3.23912 0.990003
3.24162 0.990003
3.24412 0.990003
3.24662 0.990003
3.24912 0.990003
3.25163 0.990003
3.25413 0.990003
3.25663 0.990003
3.25913 0.990003
3.26163 0.990003
3.26413 0.990003
3.26663 0.990003
3.26913 0.990003
3.27164 0.990003
3.27414 0.990003
3.27664 0.990003
3.27914 0.990003
3.28164 0.990003
3.28414 0.990003
3.28664 0.990003
3.28914 0.990003
3.29165 0.990003
3.29415 0.990003
3.29665 0.990003
3.29915 0.990003
3.30165 0.990003
3.30415 0.990003
3.30665 0.990003
3.30915 0.990003
3.31166 0.990003
3.31416 0.990003
3.31666 0.990003
3.31916 0.990003
3.32166 0.990003
3.32416 0.990003
3.32666 0.990003
3.32916 0.990002
3.33167 0.990002
3.33417 0.990002
3.33667 0.990002
3.33917 0.990002
3.34167 0.990002
3.34417 0.990002
3.34667 0.990002
3.34917 0.990002
3.35168 0.990002
3.35418 0.990002
3.35668 0.990002
3.35918 0.990002
3.36168 0.990002
3.36418 0.990002
3.36668 0.990002
3.36918 0.990002
3.37169 0.990002
3.37419 0.990002
3.37669 0.990002
3.37919 0.990002
3.38169 0.990002
3.38419 0.990002
3.38669 0.990002
3.38919 0.990002
3.3917 0.990002
3.3942 0.990002
3.3967 0.990001
3.3992 0.990001
3.4017 0.990001
3.4042 0.990001
3.4067 0.990001
3.4092 0.990001
3.41171 0.990001
3.41421 0.990001
3.41671 0.990001
3.41921 0.990001
3.42171 0.990001
3.42421 0.990001
3.42671 0.990001
3.42921 0.990001
3.43172 0.990001
3.43422 0.990001
3.43672 0.990001
3.43922 0.990001
3.44172 0.990001
3.44422 0.990001
3.44672 0.990001
3.44922 0.990001
3.45173 0.990001
3.45423 0.990001
3.45673 0.990001
3.45923 0.990001
3.46173 0.99
3.46423 0.99
3.46673 0.99
3.46923 0.99
3.47174 0.99
3.47424 0.99
3.47674 0.99
3.47924 0.99
3.48174 0.99
3.48424 0.99
3.48674 0.99
3.48924 0.99
3.49175 0.99
3.49425 0.99
3.49675 0.99
3.49925 0.99
3.50175 0.99
3.50425 0.99
3.50675 0.99
3.50925 0.99
3.51176 0.99
3.51426 0.99
3.51676 0.99
3.51926 0.99
3.52176 0.99
3.52426 0.99
3.52676 0.99
3.52926 0.99
3.53177 0.99
3.53427 0.99
3.53677 0.99
3.53927 0.99
3.54177 0.99
3.54427 0.99
3.54677 0.99
3.54927 0.99
3.55178 0.99
3.55428 0.989999
3.55678 0.989999
3.55928 0.989999
3.56178 0.989999
3.56428 0.989999
3.56678 0.989999
3.56928 0.989999
3.57179 0.989999
3.57429 0.989999
3.57679 0.989999
3.57929 0.989999
3.58179 0.989999
3.58429 0.989999
3.58679 0.989999
3.58929 0.989999
3.5918 0.989999
3.5943 0.989999
3.5968 0.989999
3.5993 0.989999
3.6018 0.989999
3.6043 0.989999
3.6068 0.989999
3.6093 0.989999
3.61181 0.989999
3.61431 0.989999
3.61681 0.989999
3.61931 0.989999
3.62181 0.989999
3.62431 0.989999
3.62681 0.989999
3.62931 0.989999
3.63182 0.989999
3.63432 0.989999
3.63682 0.989999
3.63932 0.989999
3.64182 0.989999
3.64432 0.989999
3.64682 0.989999
3.64932 0.989999
3.65183 0.989999
3.65433 0.989999
3.65683 0.989999
3.65933 0.989999
3.66183 0.989999
3.66433 0.989999
3.66683 0.989999
3.66933 0.989999
3.67184 0.989999
3.67434 0.989999
3.67684 0.989999
3.67934 0.989999
3.68184 0.989999
3.68434 0.989999
3.68684 0.989999
3.68934 0.989999
3.69185 0.989999
3.69435 0.989999
3.69685 0.989999
3.69935 0.989999
3.70185 0.989999
3.70435 0.989999
3.70685 0.989999
3.70935 0.989999
3.71186 0.989999
3.71436 0.989999
3.71686 0.989999
3.71936 0.989999
3.72186 0.989999
3.72436 0.989999
3.72686 0.989999
3.72936 0.989999
3.73187 0.989999
3.73437 0.989999
3.73687 0.989999
3.73937 0.989999
3.74187 0.989999
3.74437 0.989999
3.74687 0.989999
3.74937 0.989999
3.75188 0.989999
3.75438 0.989999
3.75688 0.989999
3.75938 0.989999
3.76188 0.989999
3.76438 0.989999
3.76688 0.989999
3.76938 0.989999
3.77189 0.989999
3.77439 0.989999
3.77689 0.989999
3.77939 0.989999
3.78189 0.989999
3.78439 0.989999
3.78689 0.989999
3.78939 0.989999
3.7919 0.989999
3.7944 0.989999
3.7969 0.989999
3.7994 0.989999
3.8019 0.989999
3.8044 0.989999
3.8069 0.989999
3.8094 0.989999
3.81191 0.989999
3.81441 0.989999
3.81691 0.989999
3.81941 0.989999
3.82191 0.989999
3.82441 0.989999
3.82691 0.989999
3.82941 0.989999
3.83192 0.989999
3.83442 0.989999
3.83692 0.989999
3.83942 0.989999
3.84192 0.989999
3.84442 0.989999
3.84692 0.989999
3.84942 0.989999
3.85193 0.989999
3.85443 0.989999
3.85693 0.989999
3.85943 0.989999
3.86193 0.989999
3.86443 0.989999
3.86693 0.989999
3.86943 0.989999
3.87194 0.989999
3.87444 0.99
3.87694 0.99
3.87944 0.99
3.88194 0.99
3.88444 0.99
3.88694 0.99
3.88944 0.99
3.89195 0.99
3.89445 0.99
3.89695 0.99
3.89945 0.99
3.90195 0.99
3.90445 0.99
3.90695 0.99
3.90945 0.99
3.91196 0.99
3.91446 0.99
3.91696 0.99
3.91946 0.99
3.92196 0.99
3.92446 0.99
3.92696 0.99
3.92946 0.99
3.93197 0.99
3.93447 0.99
3.93697 0.99
3.93947 0.99
3.94197 0.99
3.94447 0.99
3.94697 0.99
3.94947 0.99
3.95198 0.99
3.95448 0.99
3.95698 0.99
3.95948 0.99
3.96198 0.99
3.96448 0.99
3.96698 0.99
3.96948 0.99
3.97199 0.99
3.97449 0.99
3.97699 0.99
3.97949 0.99
3.98199 0.99
3.98449 0.99
3.98699 0.99
3.98949 0.99
3.992 0.99
3.9945 0.99
3.997 0.99
3.9995 0.99
4.002 0.99
4.0045 0.99
4.007 0.99
4.0095 0.99
4.01201 0.99
4.01451 0.99
4.01701 0.99
4.01951 0.99
4.02201 0.99
4.02451 0.99
4.02701 0.99
4.02951 0.99
4.03202 0.99
4.03452 0.99
4.03702 0.99
4.03952 0.99
4.04202 0.99
4.04452 0.99
4.04702 0.99
4.04952 0.99
4.05203 0.99
4.05453 0.99
4.05703 0.99
4.05953 0.99
4.06203 0.99
4.06453 0.99
4.06703 0.99
4.06953 0.99
4.07204 0.99
4.07454 0.99
4.07704 0.99
4.07954 0.99
4.08204 0.99
4.08454 0.99
4.08704 0.99
4.08954 0.99
4.09205 0.99
4.09455 0.99
4.09705 0.99
4.09955 0.99
4.10205 0.99
4.10455 0.99
4.10705 0.99
4.10955 0.99
4.11206 0.99
4.11456 0.99
4.11706 0.99
4.11956 0.99
4.12206 0.99
4.12456 0.99
4.12706 0.99
4.12956 0.99
4.13207 0.99
4.13457 0.99
4.13707 0.99
4.13957 0.99
4.14207 0.99
4.14457 0.99
4.14707 0.99
4.14957 0.99
4.15208 0.99
4.15458 0.99
4.15708 0.99
4.15958 0.99
4.16208 0.99
4.16458 0.99
4.16708 0.99
4.16958 0.99
4.17209 0.99
4.17459 0.99
4.17709 0.99
4.17959 0.99
4.18209 0.99
4.18459 0.99
4.18709 0.99
4.18959 0.99
4.1921 0.99
4.1946 0.99
4.1971 0.99
4.1996 0.99
4.2021 0.99
4.2046 0.99
4.2071 0.99
4.2096 0.99
4.21211 0.99
4.21461 0.99
4.21711 0.99
4.21961 0.99
4.22211 0.99
4.22461 0.99
4.22711 0.99
4.22961 0.99
4.23212 0.99
4.23462 0.99
4.23712 0.99
4.23962 0.99
4.24212 0.99
4.24462 0.99
4.24712 0.99
4.24962 0.99
4.25213 0.99
4.25463 0.99
4.25713 0.99
4.25963 0.99
4.26213 0.99
4.26463 0.99
4.26713 0.99
4.26963 0.99
4.27214 0.99
4.27464 0.99
4.27714 0.99
4.27964 0.99
4.28214 0.99
4.28464 0.99
4.28714 0.99
4.28964 0.99
4.29215 0.99
4.29465 0.99
4.29715 0.99
4.29965 0.99
4.30215 0.99
4.30465 0.99
4.30715 0.99
4.30965 0.99
4.31216 0.99
4.31466 0.99
4.31716 0.99
4.31966 0.99
4.32216 0.99
4.32466 0.99
4.32716 0.99
4.32966 0.99
4.33217 0.99
4.33467 0.99
4.33717 0.99
4.33967 0.99
4.34217 0.99
4.34467 0.99
4.34717 0.99
4.34967 0.99
4.35218 0.99
4.35468 0.99
4.35718 0.99
4.35968 0.99
4.36218 0.99
4.36468 0.99
4.36718 0.99
4.36968 0.99
4.37219 0.99
4.37469 0.99
4.37719 0.99
4.37969 0.99
4.38219 0.99
4.38469 0.99
4.38719 0.99
4.38969 0.99
4.3922 0.99
4.3947 0.99
4.3972 0.99
4.3997 0.99
4.4022 0.99
4.4047 0.99
4.4072 0.99
4.4097 0.99
4.41221 0.99
4.41471 0.99
4.41721 0.99
4.41971 0.99
4.42221 0.99
4.42471 0.99
4.42721 0.99
4.42971 0.99
4.43222 0.99
4.43472 0.99
4.43722 0.99
4.43972 0.99
4.44222 0.99
4.44472 0.99
4.44722 0.99
4.44972 0.99
4.45223 0.99
4.45473 0.99
4.45723 0.99
4.45973 0.99
4.46223 0.99
4.46473 0.99
4.46723 0.99
4.46973 0.99
4.47224 0.99
4.47474 0.99
4.47724 0.99
4.47974 0.99
4.48224 0.99
4.48474 0.99
4.48724 0.99
4.48974 0.99
4.49225 0.99
4.49475 0.99
4.49725 0.99
4.49975 0.99
4.50225 0.99
4.50475 0.99
4.50725 0.99
4.50975 0.99
4.51226 0.99
4.51476 0.99
4.51726 0.99
4.51976 0.99
4.52226 0.99
4.52476 0.99
4.52726 0.99
4.52976 0.99
4.53227 0.99
4.53477 0.99
4.53727 0.99
4.53977 0.99
4.54227 0.99
4.54477 0.99
4.54727 0.99
4.54977 0.99
4.55228 0.99
4.55478 0.99
4.55728 0.99
4.55978 0.99
4.56228 0.99
4.56478 0.99
4.56728 0.99
4.56978 0.99
4.57229 0.99
4.57479 0.99
4.57729 0.99
4.57979 0.99
4.58229 0.99
4.58479 0.99
4.58729 0.99
4.58979 0.99
4.5923 0.99
4.5948 0.99
4.5973 0.99
4.5998 0.99
4.6023 0.99
4.6048 0.99
4.6073 0.99
4.6098 0.99
4.61231 0.99
4.61481 0.99
4.61731 0.99
4.61981 0.99
4.62231 0.99
4.62481 0.99
4.62731 0.99
4.62981 0.99
4.63232 0.99
4.63482 0.99
4.63732 0.99
4.63982 0.99
4.64232 0.99
4.64482 0.99
4.64732 0.99
4.64982 0.99
4.65233 0.99
4.65483 0.99
4.65733 0.99
4.65983 0.99
4.66233 0.99
4.66483 0.99
4.66733 0.99
4.66983 0.99
4.67234 0.99
4.67484 0.99
4.67734 0.99
4.67984 0.99
4.68234 0.99
4.68484 0.99
4.68734 0.99
4.68984 0.99
4.69235 0.99
4.69485 0.99
4.69735 0.99
4.69985 0.99
4.70235 0.99
4.70485 0.99
4.70735 0.99
4.70985 0.99
4.71236 0.99
4.71486 0.99
4.71736 0.99
4.71986 0.99
4.72236 0.99
4.72486 0.99
4.72736 0.99
4.72986 0.99
4.73237 0.99
4.73487 0.99
4.73737 0.99
4.73987 0.99
4.74237 0.99
4.74487 0.99
4.74737 0.99
4.74987 0.99
4.75238 0.99
4.75488 0.99
4.75738 0.99
4.75988 0.99
4.76238 0.99
4.76488 0.99
4.76738 0.99
4.76988 0.99
4.77239 0.99
4.77489 0.99
4.77739 0.99
4.77989 0.99
4.78239 0.99
4.78489 0.99
4.78739 0.99
4.78989 0.99
4.7924 0.99
4.7949 0.99
4.7974 0.99
4.7999 0.99
4.8024 0.99
4.8049 0.99
4.8074 0.99
4.8099 0.99
4.81241 0.99
4.81491 0.99
4.81741 0.99
4.81991 0.99
4.82241 0.99
4.82491 0.99
4.82741 0.99
4.82991 0.99
4.83242 0.99
4.83492 0.99
4.83742 0.99
4.83992 0.99
4.84242 0.99
4.84492 0.99
4.84742 0.99
4.84992 0.99
4.85243 0.99
4.85493 0.99
4.85743 0.99
4.85993 0.99
4.86243 0.99
4.86493 0.99
4.86743 0.99
4.86993 0.99
4.87244 0.99
4.87494 0.99
4.87744 0.99
4.87994 0.99
4.88244 0.99
4.88494 0.99
4.88744 0.99
4.88994 0.99
4.89245 0.99
4.89495 0.99
4.89745 0.99
4.89995 0.99
4.90245 0.99
4.90495 0.99
4.90745 0.99
4.90995 0.99
4.91246 0.99
4.91496 0.99
4.91746 0.99
4.91996 0.99
4.92246 0.99
4.92496 0.99
4.92746 0.99
4.92996 0.99
4.93247 0.99
4.93497 0.99
4.93747 0.99
4.93997 0.99
4.94247 0.99
4.94497 0.99
4.94747 0.99
4.94997 0.99
4.95248 0.99
4.95498 0.99
4.95748 0.99
4.95998 0.99
4.96248 0.99
4.96498 0.99
4.96748 0.99
4.96998 0.99
4.97249 0.99
4.97499 0.99
4.97749 0.99
4.97999 0.99
4.98249 0.99
4.98499 0.99
4.98749 0.99
4.98999 0.99
4.9925 0.99
4.995 0.99
4.9975 0.99
5 0.99
